#Observed UV luminosities (including dust) are M_1500 [AB].
#Note: Dust corrections are uncalibrated at z<4, so UV luminosities may be incorrect.
#Number densities are in comoving Mpc^-3 mag^-1.
#UV_Center Number_Density Err+ Err- UV_Min UV_Max
-23.975 0 0 0 -24 -23.95
-23.925 0 0 0 -23.95 -23.9
-23.875 0 0 0 -23.9 -23.85
-23.825 0 0 0 -23.85 -23.8
-23.775 0 0 0 -23.8 -23.75
-23.725 0 0 0 -23.75 -23.7
-23.675 0 0 0 -23.7 -23.65
-23.625 0 0 0 -23.65 -23.6
-23.575 0 0 0 -23.6 -23.55
-23.525 0 0 0 -23.55 -23.5
-23.475 0 0 0 -23.5 -23.45
-23.425 0 0 0 -23.45 -23.4
-23.375 0 0 0 -23.4 -23.35
-23.325 0 0 0 -23.35 -23.3
-23.275 0 0 0 -23.3 -23.25
-23.225 0 0 0 -23.25 -23.2
-23.175 0 0 0 -23.2 -23.15
-23.125 0 0 0 -23.15 -23.1
-23.075 0 0 0 -23.1 -23.05
-23.025 0 0 0 -23.05 -23
-22.975 0 0 0 -23 -22.95
-22.925 0 0 0 -22.95 -22.9
-22.875 0 0 0 -22.9 -22.85
-22.825 0 0 0 -22.85 -22.8
-22.775 0 0 0 -22.8 -22.75
-22.725 0 0 0 -22.75 -22.7
-22.675 0 0 0 -22.7 -22.65
-22.625 0 0 0 -22.65 -22.6
-22.575 0 0 0 -22.6 -22.55
-22.525 0 0 0 -22.55 -22.5
-22.475 0 0 0 -22.5 -22.45
-22.425 0 0 0 -22.45 -22.4
-22.375 0 0 0 -22.4 -22.35
-22.325 0 0 0 -22.35 -22.3
-22.275 0 0 0 -22.3 -22.25
-22.225 0 0 0 -22.25 -22.2
-22.175 0 0 0 -22.2 -22.15
-22.125 0 0 0 -22.15 -22.1
-22.075 0 0 0 -22.1 -22.05
-22.025 0 0 0 -22.05 -22
-21.975 0 0 0 -22 -21.95
-21.925 0 0 0 -21.95 -21.9
-21.875 0 0 0 -21.9 -21.85
-21.825 0 0 0 -21.85 -21.8
-21.775 0 0 0 -21.8 -21.75
-21.725 0 0 0 -21.75 -21.7
-21.675 0 0 0 -21.7 -21.65
-21.625 0 0 0 -21.65 -21.6
-21.575 0 0 0 -21.6 -21.55
-21.525 0 0 0 -21.55 -21.5
-21.475 0 0 0 -21.5 -21.45
-21.425 0 0 0 -21.45 -21.4
-21.375 4.02473e-07 -4.02473e-07 4.02473e-07 -21.4 -21.35
-21.325 0 0 0 -21.35 -21.3
-21.275 0 0 0 -21.3 -21.25
-21.225 0 0 0 -21.25 -21.2
-21.175 0 0 0 -21.2 -21.15
-21.125 0 0 0 -21.15 -21.1
-21.075 0 0 0 -21.1 -21.05
-21.025 0 0 0 -21.05 -21
-20.975 0 0 0 -21 -20.95
-20.925 0 0 0 -20.95 -20.9
-20.875 0 0 0 -20.9 -20.85
-20.825 4.02473e-07 -4.02473e-07 4.02473e-07 -20.85 -20.8
-20.775 1.20742e-06 -8.04946e-07 1.20742e-06 -20.8 -20.75
-20.725 4.02473e-07 0 4.02473e-07 -20.75 -20.7
-20.675 8.04946e-07 -4.02473e-07 8.04946e-07 -20.7 -20.65
-20.625 1.20742e-06 -8.04946e-07 1.20742e-06 -20.65 -20.6
-20.575 4.02473e-07 0 4.02473e-07 -20.6 -20.55
-20.525 4.02473e-07 4.02473e-07 4.02473e-07 -20.55 -20.5
-20.475 4.02473e-07 0 4.02473e-07 -20.5 -20.45
-20.425 8.04946e-07 4.02473e-07 8.04946e-07 -20.45 -20.4
-20.375 2.01236e-06 -8.04946e-07 2.01236e-06 -20.4 -20.35
-20.325 1.20742e-06 0 1.20742e-06 -20.35 -20.3
-20.275 4.02473e-07 1.20742e-06 4.02473e-07 -20.3 -20.25
-20.225 2.41484e-06 -8.04946e-07 2.41484e-06 -20.25 -20.2
-20.175 2.81731e-06 -8.04946e-07 2.81731e-06 -20.2 -20.15
-20.125 2.01236e-06 0 2.01236e-06 -20.15 -20.1
-20.075 3.21978e-06 -8.04946e-07 3.21978e-06 -20.1 -20.05
-20.025 1.60989e-06 1.20742e-06 1.60989e-06 -20.05 -20
-19.975 2.81731e-06 4.02473e-07 2.81731e-06 -20 -19.95
-19.925 1.20742e-06 2.41484e-06 1.20742e-06 -19.95 -19.9
-19.875 4.4272e-06 0 4.4272e-06 -19.9 -19.85
-19.825 6.03709e-06 0 6.03709e-06 -19.85 -19.8
-19.775 5.63462e-06 4.02473e-07 5.63462e-06 -19.8 -19.75
-19.725 5.63462e-06 1.20742e-06 5.63462e-06 -19.75 -19.7
-19.675 7.24451e-06 4.02473e-07 7.24451e-06 -19.7 -19.65
-19.625 8.45193e-06 8.04946e-07 8.45193e-06 -19.65 -19.6
-19.575 7.64699e-06 2.01236e-06 7.64699e-06 -19.6 -19.55
-19.525 1.20742e-05 -1.60989e-06 1.16717e-05 -19.55 -19.5
-19.475 1.08668e-05 2.01236e-06 1.04643e-05 -19.5 -19.45
-19.425 8.45193e-06 4.82968e-06 8.04946e-06 -19.45 -19.4
-19.375 1.00618e-05 5.23215e-06 9.25688e-06 -19.4 -19.35
-19.325 1.4489e-05 4.02473e-06 1.40866e-05 -19.35 -19.3
-19.275 1.40866e-05 5.23215e-06 1.36841e-05 -19.3 -19.25
-19.225 1.28791e-05 8.45193e-06 1.20742e-05 -19.25 -19.2
-19.175 2.05261e-05 2.01236e-06 1.97212e-05 -19.2 -19.15
-19.125 1.89162e-05 4.4272e-06 1.77088e-05 -19.15 -19.1
-19.075 2.45509e-05 8.04946e-07 2.2941e-05 -19.1 -19.05
-19.025 1.93187e-05 6.84204e-06 1.77088e-05 -19.05 -19
-18.975 1.97212e-05 9.65935e-06 1.77088e-05 -19 -18.95
-18.925 1.97212e-05 8.85441e-06 1.81113e-05 -18.95 -18.9
-18.875 2.65632e-05 4.82968e-06 2.41484e-05 -18.9 -18.85
-18.825 2.17335e-05 1.00618e-05 1.97212e-05 -18.85 -18.8
-18.775 2.57583e-05 8.45193e-06 2.2941e-05 -18.8 -18.75
-18.725 2.77706e-05 8.45193e-06 2.45509e-05 -18.75 -18.7
-18.675 2.9783e-05 6.03709e-06 2.53558e-05 -18.7 -18.65
-18.625 2.37459e-05 1.48915e-05 1.89162e-05 -18.65 -18.6
-18.575 2.73682e-05 1.36841e-05 2.25385e-05 -18.6 -18.55
-18.525 3.30028e-05 1.00618e-05 2.81731e-05 -18.55 -18.5
-18.475 3.13929e-05 1.04643e-05 2.53558e-05 -18.5 -18.45
-18.425 3.50151e-05 1.28791e-05 2.77706e-05 -18.45 -18.4
-18.375 3.42102e-05 1.16717e-05 2.65632e-05 -18.4 -18.35
-18.325 3.50151e-05 1.32816e-05 2.65632e-05 -18.35 -18.3
-18.275 2.9783e-05 1.77088e-05 2.13311e-05 -18.3 -18.25
-18.225 3.54176e-05 1.85138e-05 2.65632e-05 -18.25 -18.2
-18.175 4.46745e-05 8.85441e-06 3.54176e-05 -18.2 -18.15
-18.125 3.94424e-05 1.77088e-05 2.93805e-05 -18.15 -18.1
-18.075 3.62226e-05 2.17335e-05 2.77706e-05 -18.1 -18.05
-18.025 4.30646e-05 1.81113e-05 3.26003e-05 -18.05 -18
-17.975 4.30646e-05 1.89162e-05 3.21978e-05 -18 -17.95
-17.925 3.78325e-05 2.45509e-05 2.57583e-05 -17.95 -17.9
-17.875 4.34671e-05 2.09286e-05 3.01855e-05 -17.9 -17.85
-17.825 4.95042e-05 1.56964e-05 3.6625e-05 -17.85 -17.8
-17.775 5.39314e-05 1.4489e-05 4.06498e-05 -17.8 -17.75
-17.725 4.38696e-05 2.57583e-05 2.89781e-05 -17.75 -17.7
-17.675 4.66869e-05 2.65632e-05 3.09904e-05 -17.7 -17.65
-17.625 4.5077e-05 2.53558e-05 2.89781e-05 -17.65 -17.6
-17.575 5.11141e-05 2.17335e-05 3.46127e-05 -17.6 -17.55
-17.525 5.91635e-05 1.20742e-05 4.18572e-05 -17.55 -17.5
-17.475 4.86992e-05 2.57583e-05 3.05879e-05 -17.5 -17.45
-17.425 5.07116e-05 2.49533e-05 3.26003e-05 -17.45 -17.4
-17.375 5.67487e-05 1.77088e-05 3.78325e-05 -17.4 -17.35
-17.325 5.43338e-05 2.53558e-05 3.58201e-05 -17.35 -17.3
-17.275 5.23215e-05 2.77706e-05 3.17954e-05 -17.3 -17.25
-17.225 5.47363e-05 2.53558e-05 3.34053e-05 -17.25 -17.2
-17.175 5.83586e-05 2.25385e-05 3.82349e-05 -17.2 -17.15
-17.125 5.99685e-05 2.05261e-05 3.94424e-05 -17.15 -17.1
-17.075 5.75536e-05 2.53558e-05 3.50151e-05 -17.1 -17.05
-17.025 6.23833e-05 2.09286e-05 4.18572e-05 -17.05 -17
-16.975 6.03709e-05 2.45509e-05 3.6625e-05 -17 -16.95
-16.925 6.43957e-05 2.01236e-05 4.10522e-05 -16.95 -16.9
