#Halo mass averages in bins of observed stellar mass.
#For satellites, the satellite peak halo mass is used, rather than the host halo's peak halo mass.
#<Mh>: Linear average of peak halo mass (in Msun) in each bin.
#<Log(Mh)>: Average of Log_10(peak halo mass/Msun) in each bin.
#<WL(Mh)>: <Mh^2/3>^(3/2), i.e., weak-lensing-averaged halo mass; i.e., average of (peak halo mass (in Msun) to the two-thirds power), taken to the 3/2 power.
#Bestfit_X_Counts is the number of galaxies of type X in the bin for the bestfit model.
#Log10(SM_Center)(0) <Mh>(1) Err+(2) Err-(3) <Log(Mh)>(4) Err+(5) Err-(6) <WL(Mh)>(7) Err+(8) Err-(9) <Mh>(10) Err+(11) Err-(12) <Log(Mh)>(13) Err+(14) Err-(15) <WL(Mh)>(16) Err+(17) Err-(18) <Mh>(19) Err+(20) Err-(21) <Log(Mh)>(22) Err+(23) Err-(24) <WL(Mh)>(25) Err+(26) Err-(27) <Mh>(28) Err+(29) Err-(30) <Log(Mh)>(31) Err+(32) Err-(33) <WL(Mh)>(34) Err+(35) Err-(36) <Mh>(37) Err+(38) Err-(39) <Log(Mh)>(40) Err+(41) Err-(42) <WL(Mh)>(43) Err+(44) Err-(45) <Mh>(46) Err+(47) Err-(48) <Log(Mh)>(49) Err+(50) Err-(51) <WL(Mh)>(52) Err+(53) Err-(54) <Mh>(55) Err+(56) Err-(57) <Log(Mh)>(58) Err+(59) Err-(60) <WL(Mh)>(61) Err+(62) Err-(63) (64) HM_Left_Edge(65) HM_Right_Edge(66) Bestfit_Galaxy_Counts(67) Bestfit_Central_Counts(68) Bestfit_Central_SF_Counts(69) Bestfit_Central_Q_Counts(70) Bestfit_Satellite_Counts(71) Bestfit_SF_Counts(72) Bestfit_Q_Counts(73) 
7.1 1.14682e+10 4.24909e+08 4.723e+08 9.96458 0.011342 0.0152464 1.06889e+10 3.54989e+08 4.07154e+08 1.1262e+10 4.37018e+08 4.58606e+08 9.95723 0.0117617 0.0142717 1.05008e+10 3.72214e+08 4.07239e+08 1.12827e+10 4.28902e+08 4.56565e+08 9.95816 0.0117693 0.0125799 1.05215e+10 3.65078e+08 3.78338e+08 9.68066e+09 1.34823e+09 6.47781e+08 9.88437 0.0582924 0.0169935 8.96016e+09 1.18908e+09 5.10553e+08 1.25046e+10 5.26124e+08 6.6771e+08 10 0.0147657 0.0204773 1.16521e+10 4.64626e+08 6.02132e+08 1.14786e+10 4.25308e+08 4.8973e+08 9.96512 0.011838 0.014348 1.07004e+10 3.67469e+08 4.18446e+08 1.09327e+10 6.13395e+09 6.37835e+08 9.93513 0.131007 0.01966 1.00987e+10 4.168e+09 5.59923e+08 7 7.2 1.06868e+07 8.91208e+06 8.79719e+06 114887 1.7747e+06 1.04844e+07 202421
7.3 3.06763e+10 2.69861e+09 2.76662e+09 10.4521 0.037982 0.0416842 2.98742e+10 2.67626e+09 2.64022e+09 3.15354e+10 3.10347e+09 2.80809e+09 10.4651 0.042779 0.0403128 3.07362e+10 3.08666e+09 2.77531e+09 3.15077e+10 2.99836e+09 2.77994e+09 10.4648 0.0426664 0.0394802 3.07115e+10 3.10336e+09 2.6938e+09 3.78485e+10 3.09527e+09 1.04997e+10 10.531 0.029911 0.179691 3.65413e+10 3.10347e+09 1.04976e+10 2.82621e+10 2.19886e+09 2.50187e+09 10.4157 0.0323696 0.0413618 2.74963e+10 2.12733e+09 2.4604e+09 3.06351e+10 2.53687e+09 2.73899e+09 10.4517 0.0380821 0.0401382 2.98372e+10 2.5822e+09 2.68677e+09 3.40185e+10 3.81461e+09 6.28075e+09 10.4892 0.0381622 0.0965853 3.29227e+10 3.60237e+09 6.12914e+09 7.2 7.4 697177 514187 511941 2246 182990 688686 8491
7.5 3.88505e+10 2.79682e+09 2.9076e+09 10.5552 0.0331554 0.0335655 3.78527e+10 2.7742e+09 2.8856e+09 4.02163e+10 3.36751e+09 3.02993e+09 10.5717 0.0380526 0.035224 3.92333e+10 3.38244e+09 3.043e+09 4.0179e+10 3.24984e+09 2.99056e+09 10.5714 0.0384693 0.0348549 3.91997e+10 3.35122e+09 3.00692e+09 4.98285e+10 4.04953e+09 1.19984e+10 10.6521 0.030879 0.12288 4.81727e+10 3.83675e+09 1.16105e+10 3.52446e+10 2.46064e+09 3.07698e+09 10.5117 0.028966 0.0402756 3.42882e+10 2.39173e+09 3.05072e+09 3.87858e+10 2.75571e+09 2.92038e+09 10.5547 0.0330524 0.0349045 3.77978e+10 2.73169e+09 2.87089e+09 4.39634e+10 4.56278e+09 7.89038e+09 10.5973 0.0394459 0.084094 4.22712e+10 4.41194e+09 7.36419e+09 7.4 7.6 566957 411209 409619 1590 155748 559873 7084
7.7 4.92371e+10 3.14506e+09 2.67112e+09 10.6591 0.0275164 0.0235996 4.80147e+10 2.94121e+09 2.60031e+09 5.1306e+10 3.5019e+09 2.75694e+09 10.6791 0.0328531 0.0230284 5.01106e+10 3.54934e+09 2.76455e+09 5.12492e+10 3.50203e+09 2.83168e+09 10.6787 0.0331573 0.0245171 5.00599e+10 3.61446e+09 2.66607e+09 6.66216e+10 5.21999e+09 1.46532e+10 10.7775 0.0339823 0.110125 6.43881e+10 4.55148e+09 1.43768e+10 4.41831e+10 2.5812e+09 3.35868e+09 10.6106 0.0249834 0.0354919 4.30223e+10 2.4813e+09 3.26495e+09 4.91491e+10 2.95117e+09 2.6731e+09 10.6586 0.0268507 0.0259876 4.7937e+10 2.91761e+09 2.51697e+09 5.56565e+10 5.45199e+09 9.80673e+09 10.7024 0.0371475 0.0771179 5.37888e+10 5.33294e+09 9.1816e+09 7.6 7.8 461299 327312 326102 1210 133987 455055 6244
7.9 6.20286e+10 3.35929e+09 1.92212e+09 10.7605 0.0232897 0.0161333 6.05453e+10 3.33605e+09 1.99293e+09 6.5334e+10 3.83897e+09 2.04155e+09 10.7861 0.0282631 0.0159283 6.39111e+10 3.82047e+09 2.00099e+09 6.52488e+10 3.78395e+09 2.35198e+09 10.7857 0.0287189 0.0166302 6.38337e+10 3.79341e+09 2.3228e+09 8.80308e+10 5.9266e+09 1.88218e+10 10.9069 0.0239382 0.103799 8.56125e+10 5.38318e+09 1.81441e+10 5.5031e+10 2.52727e+09 2.88694e+09 10.7064 0.019062 0.0261116 5.36237e+10 2.41356e+09 2.91754e+09 6.19228e+10 3.0735e+09 2.11178e+09 10.76 0.0229845 0.0158844 6.04503e+10 3.13699e+09 2.14846e+09 6.89341e+10 6.87836e+09 1.05832e+10 10.798 0.0383911 0.0701036 6.68518e+10 6.43628e+09 1.01928e+10 7.8 8 380669 258541 257574 967 122128 374926 5743
8.1 7.73704e+10 3.3912e+09 1.90775e+09 10.8566 0.0187559 0.00848293 7.55295e+10 3.21657e+09 1.6869e+09 8.29833e+10 4.08418e+09 1.87304e+09 10.892 0.0237379 0.0102577 8.12925e+10 4.18261e+09 1.85204e+09 8.28505e+10 4.00877e+09 2.0964e+09 10.8915 0.0232201 0.010623 8.11783e+10 4.13173e+09 1.97352e+09 1.16875e+11 4.64746e+09 2.57049e+10 11.021 0.0205364 0.0979376 1.12129e+11 4.84229e+09 2.33038e+10 6.70744e+10 2.92703e+09 3.11446e+09 10.7916 0.0181437 0.0184202 6.53327e+10 2.87273e+09 2.92393e+09 7.72164e+10 3.13295e+09 1.86983e+09 10.8559 0.0179644 0.00885105 7.53969e+10 3.05534e+09 1.67887e+09 8.69253e+10 7.61256e+09 1.36042e+10 10.8948 0.0345402 0.0691118 8.39032e+10 7.23822e+09 1.26029e+10 8 8.2 314040 203243 202450 793 110797 309057 4983
8.3 9.62305e+10 3.7615e+09 2.36759e+09 10.9515 0.0168228 0.00896168 9.39621e+10 3.5007e+09 2.14367e+09 1.04546e+11 4.32425e+09 1.44314e+09 10.9945 0.0198412 0.00512886 1.02586e+11 4.44137e+09 1.22329e+09 1.0437e+11 4.32684e+09 1.5307e+09 10.9939 0.0198898 0.006217 1.02428e+11 4.33479e+09 1.49364e+09 1.47121e+11 7.50636e+09 3.05387e+10 11.1296 0.0205956 0.0977545 1.42844e+11 6.62153e+09 2.84337e+10 8.21435e+10 3.50113e+09 3.93761e+09 10.8786 0.0178013 0.0213156 7.99422e+10 3.4624e+09 3.78479e+09 9.59628e+10 3.31711e+09 2.17754e+09 10.9506 0.0150843 0.00854111 9.37411e+10 3.27063e+09 2.19607e+09 1.11009e+11 8.63397e+09 1.81791e+10 10.9966 0.0317602 0.0723429 1.06426e+11 8.05412e+09 1.6341e+10 8.2 8.4 252045 158487 157833 654 93558 247560 4485
8.5 1.1953e+11 4.23272e+09 2.88522e+09 11.0467 0.0155878 0.00910282 1.16821e+11 4.22675e+09 2.63115e+09 1.3065e+11 5.17346e+09 1.4784e+09 11.093 0.0190172 0.00399399 1.28352e+11 5.12959e+09 1.28479e+09 1.30319e+11 5.03164e+09 2.0442e+09 11.0922 0.0182867 0.0058651 1.2807e+11 5.11898e+09 2.0101e+09 1.90839e+11 8.70407e+09 4.19205e+10 11.2354 0.0184603 0.0949221 1.82956e+11 5.38162e+09 3.85102e+10 1.01174e+11 4.62863e+09 4.93552e+09 10.9703 0.0187073 0.022007 9.85949e+10 4.49547e+09 4.68678e+09 1.19126e+11 3.94826e+09 2.60797e+09 11.0456 0.0152187 0.00878143 1.16466e+11 3.97236e+09 2.44865e+09 1.38211e+11 1.1592e+10 2.16631e+10 11.0986 0.0271425 0.0727882 1.33578e+11 9.25605e+09 2.03402e+10 8.4 8.6 198509 123622 122945 677 74887 194298 4211
8.7 1.48085e+11 5.06449e+09 3.27442e+09 11.1403 0.0139151 0.00916481 1.44771e+11 4.8069e+09 3.01403e+09 1.62111e+11 5.76492e+09 1.77204e+09 11.1878 0.0164242 0.00424099 1.5936e+11 5.73517e+09 1.64105e+09 1.61457e+11 5.21901e+09 2.77838e+09 11.1867 0.0162573 0.00607014 1.58829e+11 5.38839e+09 2.58212e+09 2.52219e+11 6.02636e+08 6.46233e+10 11.3467 0.00727177 0.109334 2.37879e+11 2.63777e+09 5.56203e+10 1.24884e+11 5.37701e+09 6.62204e+09 11.0618 0.0186996 0.0208187 1.21687e+11 5.32813e+09 6.13998e+09 1.4725e+11 4.36239e+09 2.99806e+09 11.1386 0.0139589 0.00805855 1.44072e+11 4.40243e+09 2.80691e+09 1.78102e+11 1.05604e+10 3.10736e+10 11.2019 0.0214033 0.0771132 1.70639e+11 8.94375e+09 2.94692e+10 8.6 8.8 155831 97119 96419 700 58712 151614 4217
8.9 1.82548e+11 6.45287e+09 4.46485e+09 11.2313 0.0141315 0.0106544 1.78383e+11 5.68505e+09 4.39137e+09 1.99202e+11 6.81119e+09 3.03386e+09 11.2784 0.0141363 0.00498009 1.95959e+11 6.56797e+09 2.41212e+09 1.97893e+11 5.16651e+09 3.00484e+09 11.2766 0.0138321 0.00636196 1.94901e+11 5.47869e+09 2.9438e+09 3.17416e+11 2.06203e+10 7.32636e+10 11.442 0.00967312 0.103847 2.99081e+11 1.31996e+10 6.66811e+10 1.5451e+11 6.07342e+09 9.04082e+09 11.152 0.017518 0.0226002 1.50065e+11 5.97795e+09 8.33629e+09 1.80655e+11 4.62548e+09 3.42147e+09 11.2287 0.0132341 0.00845718 1.76923e+11 4.72462e+09 3.16621e+09 2.34755e+11 7.08526e+09 4.96307e+10 11.3047 0.019948 0.0800772 2.20175e+11 1.00605e+10 4.2428e+10 8.8 9 122616 76926 76084 842 45690 118324 4292
9.1 2.24184e+11 7.34585e+09 5.57682e+09 11.3195 0.0133867 0.0106306 2.18753e+11 7.07092e+09 5.07519e+09 2.44258e+11 6.79694e+09 4.13585e+09 11.3656 0.0123711 0.00620461 2.39777e+11 6.83593e+09 3.57754e+09 2.40482e+11 6.05335e+09 3.86805e+09 11.3622 0.0119791 0.00592518 2.37022e+11 6.22295e+09 3.70424e+09 4.64021e+11 -2.16777e+09 1.4954e+11 11.5633 -0.00105095 0.122977 4.17211e+11 -6.94931e+09 1.18286e+11 1.9041e+11 7.93459e+09 1.02213e+10 11.2419 0.0153627 0.022994 1.84865e+11 7.10215e+09 9.88157e+09 2.19928e+11 5.80606e+09 3.8228e+09 11.3149 0.0127258 0.00789356 2.15511e+11 5.73443e+09 3.72113e+09 3.06888e+11 9.87028e+09 6.76755e+10 11.4096 0.0123835 0.0881109 2.84846e+11 1.00723e+10 6.13725e+10 9 9.2 98453 61750 60707 1043 36703 93635 4818
9.3 2.76381e+11 9.49194e+09 8.53777e+09 11.4068 0.0133829 0.010313 2.68483e+11 8.28273e+09 7.31446e+09 2.98681e+11 1.06467e+10 5.77434e+09 11.4512 0.0111904 0.00627899 2.92591e+11 8.06873e+09 5.19822e+09 2.91324e+11 7.01664e+09 5.26746e+09 11.4454 0.0108595 0.00718212 2.86992e+11 7.00626e+09 4.63477e+09 5.81844e+11 4.93455e+10 1.73406e+11 11.6741 0.00594807 0.125684 5.33503e+11 2.27878e+10 1.44787e+11 2.37849e+11 8.57693e+09 1.54573e+10 11.3301 0.0151854 0.0237083 2.28494e+11 8.64485e+09 1.30555e+10 2.67349e+11 6.98927e+09 4.84336e+09 11.3992 0.0125017 0.00797653 2.61724e+11 6.9102e+09 4.47149e+09 3.99873e+11 2.65134e+10 8.98824e+10 11.5108 0.0174828 0.0905666 3.66458e+11 1.56334e+10 7.77973e+10 9.2 9.4 81287 51488 50184 1304 29799 75747 5540
9.5 3.48273e+11 1.17717e+10 1.53965e+10 11.4975 0.0113926 0.0117245 3.33997e+11 1.09692e+10 1.14425e+10 3.75481e+11 1.1765e+10 1.32178e+10 11.5394 0.0100555 0.00779724 3.6251e+11 1.0898e+10 8.68929e+09 3.54651e+11 7.43725e+09 6.73985e+09 11.528 0.0111675 0.00638962 3.47778e+11 8.52899e+09 5.70851e+09 8.31006e+11 4.7828e+10 2.81288e+11 11.7892 0.00273228 0.136566 7.31275e+11 2.76563e+10 2.34265e+11 3.00451e+11 1.19276e+10 2.03404e+10 11.4238 0.0131006 0.0235138 2.85809e+11 9.50764e+09 1.70419e+10 3.26099e+11 8.26481e+09 5.62699e+09 11.4842 0.0120897 0.00668716 3.18429e+11 8.59888e+09 4.88653e+09 5.62165e+11 4.11038e+10 1.55491e+11 11.6257 0.0179615 0.0953493 4.96266e+11 2.39306e+10 1.17388e+11 9.4 9.6 68709 43793 41878 1915 24916 62255 6454
9.7 4.52496e+11 1.57735e+10 2.99888e+10 11.5954 0.0102367 0.0157175 4.2684e+11 1.30735e+10 2.13175e+10 4.82184e+11 1.81934e+10 2.90723e+10 11.6338 0.00934029 0.00973892 4.58856e+11 1.28834e+10 1.82259e+10 4.31069e+11 1.16722e+10 5.76799e+09 11.6125 0.0112171 0.00532246 4.23392e+11 1.03216e+10 5.67558e+09 1.15794e+12 7.56149e+10 4.16936e+11 11.9159 0.0116663 0.142871 1.00834e+12 4.85489e+10 3.39103e+11 3.9815e+11 1.24298e+10 3.64853e+10 11.5251 0.0120487 0.0269032 3.7027e+11 9.87385e+09 2.82748e+10 3.98724e+11 1.14968e+10 4.96379e+09 11.5706 0.0119829 0.00576401 3.89443e+11 1.08054e+10 4.53925e+09 8.10877e+11 6.00502e+10 2.47222e+11 11.7607 0.0139914 0.106906 7.03427e+11 4.55567e+10 1.9098e+11 9.6 9.8 60138 38892 36157 2735 21246 52292 7846
9.9 6.14165e+11 1.87986e+10 5.85982e+10 11.7034 0.0101786 0.0196447 5.63805e+11 1.4527e+10 4.24717e+10 6.53695e+11 2.50381e+10 5.72966e+10 11.741 0.00922775 0.0150948 6.05671e+11 1.62465e+10 3.86271e+10 5.39021e+11 1.30521e+10 8.4603e+09 11.7032 0.0113335 0.0050621 5.26049e+11 1.27723e+10 7.82575e+09 1.56297e+12 1.23372e+11 4.99838e+11 12.0402 0.0181437 0.13648 1.35568e+12 8.82603e+10 4.2376e+11 5.38099e+11 1.76273e+10 6.15448e+10 11.6312 0.0111351 0.027586 4.86113e+11 1.39476e+10 4.32675e+10 4.98773e+11 1.47786e+10 6.51244e+09 11.6626 0.0135117 0.00537491 4.84568e+11 1.33751e+10 6.264e+09 1.1452e+12 8.1941e+10 3.47105e+11 11.8915 0.0189762 0.108715 9.76258e+11 6.13212e+10 2.64816e+11 9.8 10 55242 36351 32280 4071 18891 45381 9861
10.1 8.70891e+11 3.91021e+10 9.71177e+10 11.828 0.0106716 0.0230627 7.79534e+11 2.55322e+10 6.75552e+10 9.30004e+11 3.66582e+10 1.00361e+11 11.8643 0.0110865 0.0193939 8.3755e+11 2.74209e+10 6.57882e+10 6.84604e+11 2.62963e+10 7.40898e+09 11.7993 0.0161285 0.00287914 6.62986e+11 2.4674e+10 5.64671e+09 2.09204e+12 1.53187e+11 5.24864e+11 12.1724 0.0173569 0.125471 1.82905e+12 1.16214e+11 4.69469e+11 7.50584e+11 3.75679e+10 8.94841e+10 11.7542 0.0120287 0.0295219 6.65838e+11 2.33195e+10 6.21908e+10 6.3535e+11 2.70194e+10 5.47579e+09 11.7603 0.0184259 0.00362492 6.12661e+11 2.50783e+10 5.49192e+09 1.61063e+12 1.0515e+11 4.07558e+11 12.0406 0.0124464 0.10956 1.38359e+12 6.48363e+10 3.35234e+11 10 10.2 51149 34297 28317 5980 16852 38796 12353
10.3 1.28369e+12 4.02879e+10 1.49527e+11 11.968 0.0102539 0.0201321 1.12059e+12 2.97958e+10 9.9554e+10 1.3594e+12 5.13325e+10 1.53629e+11 12.0013 0.0109005 0.0179996 1.19507e+12 3.62157e+10 1.02578e+11 9.05211e+11 4.42478e+10 1.12814e+10 11.9079 0.0205536 0.00415707 8.65578e+11 4.29484e+10 6.67438e+09 2.77301e+12 1.50245e+11 6.32176e+11 12.292 0.0157528 0.102192 2.42368e+12 9.96881e+10 5.34589e+11 1.11394e+12 1.86795e+10 1.48065e+11 11.8934 0.0113173 0.0268288 9.59539e+11 1.57895e+10 9.75598e+10 8.42263e+11 4.69906e+10 9.54073e+09 11.8717 0.0232363 0.00320339 8.0298e+11 4.33203e+10 8.13905e+09 2.27869e+12 9.29345e+10 5.17664e+11 12.1851 0.0093441 0.0974464 1.95475e+12 6.40584e+10 4.22257e+11 10.2 10.4 47994 33191 25120 8071 14803 33245 14749
10.5 1.85373e+12 6.88123e+10 1.19409e+11 12.1138 0.0143242 0.00988388 1.60735e+12 5.34356e+10 7.84729e+10 1.96567e+12 8.77481e+10 1.17274e+11 12.1456 0.014327 0.00920486 1.7136e+12 5.77571e+10 7.78794e+10 1.21229e+12 9.6022e+10 6.89688e+09 12.0226 0.0341768 0.00305176 1.14682e+12 9.17432e+10 5.36202e+09 3.63077e+12 1.41912e+11 5.4997e+11 12.4175 0.00732327 0.0751247 3.20854e+12 9.86149e+10 5.15486e+11 1.57889e+12 5.01932e+10 1.14198e+11 12.0358 0.0205431 0.0171652 1.35632e+12 4.90661e+10 7.3611e+10 1.13506e+12 1.0067e+11 7.60244e+09 11.9891 0.0374241 0.0026083 1.06966e+12 9.57852e+10 7.15148e+09 3.05506e+12 1.03195e+11 4.55854e+11 12.3223 0.00936413 0.0676298 2.6553e+12 6.37812e+10 3.98054e+11 10.4 10.6 42687 30333 20884 9449 12354 26709 15978
10.7 2.80226e+12 1.07051e+11 8.18697e+10 12.2665 0.0275755 0.00431824 2.37565e+12 9.32973e+10 3.55847e+10 3.00411e+12 1.06315e+11 1.07082e+11 12.2985 0.0244875 0.00468731 2.55068e+12 8.20432e+10 4.68755e+10 1.66322e+12 2.16037e+11 3.15834e+10 12.1428 0.0539055 0.00629234 1.54746e+12 2.05309e+11 2.47059e+10 5.16127e+12 1.06702e+11 6.93615e+11 12.549 0.00299835 0.0504084 4.48049e+12 6.82266e+10 5.79325e+11 2.25757e+12 1.35222e+11 5.88163e+10 12.18 0.038353 0.0101748 1.92455e+12 1.30784e+11 5.4651e+10 1.56319e+12 2.26758e+11 1.97136e+10 12.1141 0.0565548 0.00576305 1.45322e+12 2.12395e+11 2.09297e+10 4.3868e+12 5.67269e+10 5.1878e+11 12.4613 0.00593758 0.0400734 3.75655e+12 3.96286e+10 4.03923e+11 10.6 10.8 34271 25005 15420 9585 9266 19232 15039
10.9 4.55815e+12 2.77437e+11 1.07081e+11 12.4362 0.0590782 0.00777435 3.73153e+12 3.43024e+11 8.07896e+10 4.89755e+12 2.58135e+11 1.26478e+11 12.4671 0.0584974 0.00449753 4.00721e+12 3.33248e+11 6.7414e+10 2.32201e+12 5.29821e+11 5.25046e+10 12.2605 0.093318 0.00688267 2.09168e+12 4.96606e+11 3.72899e+10 7.89346e+12 8.1207e+09 7.85777e+11 12.7074 0.0052824 0.0329161 6.70289e+12 1.22678e+10 5.65407e+11 3.53605e+12 2.51325e+11 1.70429e+11 12.3434 0.0590982 0.0221205 2.94208e+12 3.01238e+11 1.41231e+11 2.19058e+12 5.20403e+11 4.61512e+10 12.2344 0.0939703 0.00699139 1.97291e+12 4.91696e+11 3.28816e+10 6.82586e+12 1.98228e+10 5.82724e+11 12.6295 0.00851059 0.0289516 5.73354e+12 7.09309e+09 3.97601e+11 10.8 11 22280 16726 8994 7732 5554 10900 11380
11.1 8.06282e+12 9.8832e+11 5.64427e+10 12.6424 0.105201 0.0086441 6.44186e+12 1.08682e+12 7.96892e+10 8.6842e+12 1.05637e+12 6.92899e+09 12.6764 0.0991468 0.00641918 6.96094e+12 1.1261e+12 5.57989e+10 3.49515e+12 1.23639e+12 0 12.396 0.145119 0.00792885 3.01787e+12 1.137e+12 1.50809e+10 1.27212e+13 5.30868e+11 6.65679e+11 12.8945 0.0274696 0.0281172 1.0705e+13 4.74125e+11 5.92091e+11 5.96138e+12 7.62679e+11 3.02536e+11 12.5276 0.0969067 0.0237074 4.78933e+12 8.55296e+11 2.17002e+11 3.33151e+12 1.23802e+12 1.36559e+10 12.3768 0.150178 0.00959396 2.8826e+12 1.12185e+12 3.59945e+10 1.1221e+13 5.096e+11 5.2505e+11 12.8197 0.0332317 0.0234432 9.29594e+12 4.72669e+11 4.37357e+11 11 11.2 11279 8705 3809 4896 2574 4515 6764
11.3 1.66918e+13 2.82241e+12 4.98852e+11 12.9217 0.145977 0.0202141 1.31736e+13 3.18829e+12 5.12877e+11 1.84504e+13 2.46719e+12 6.41756e+11 12.9683 0.13 0.0151291 1.46482e+13 2.77172e+12 4.31373e+11 6.4233e+12 3.17107e+12 4.14233e+11 12.5723 0.223853 0.0277071 5.08432e+12 2.91927e+12 3.19739e+11 2.37409e+13 1.69253e+12 1.32678e+12 13.1425 0.0532322 0.034481 1.98027e+13 1.76542e+12 1.26415e+12 9.4664e+12 4.29516e+12 1.8825e+11 12.7304 0.198978 0.0244837 7.69648e+12 3.9763e+12 2.64257e+11 6.00815e+12 3.22933e+12 3.76394e+11 12.5509 0.229689 0.030735 4.7845e+12 2.91108e+12 3.16308e+11 2.08885e+13 1.91115e+12 1.03734e+12 13.0673 0.0758286 0.0279989 1.71627e+13 2.08859e+12 9.30348e+11 11.2 11.4 4184 3365 1028 2337 819 1180 3004
11.5 3.4761e+13 6.6841e+12 1.71015e+12 13.2467 0.164452 0.0251799 2.78858e+13 7.37244e+12 1.59523e+12 3.70616e+13 6.98003e+12 1.32387e+12 13.2799 0.159768 0.016511 2.99012e+13 7.56952e+12 1.27441e+12 1.41289e+13 1.02265e+13 1.82887e+12 12.821 0.299476 0.0433578 1.03771e+13 8.82315e+12 7.51151e+11 4.14706e+13 6.0952e+12 1.44386e+12 13.3681 0.112411 0.014658 3.43704e+13 6.30925e+12 1.26113e+12 2.01004e+13 5.08365e+12 2.686e+12 13.0353 0.168955 0.0423546 1.6211e+13 4.99278e+12 1.99419e+12 1.33858e+13 9.90966e+12 1.62112e+12 12.7978 0.310125 0.0326576 9.80318e+12 8.67844e+12 5.84591e+11 3.85234e+13 6.0483e+12 1.75223e+12 13.3257 0.12293 0.0214024 3.16615e+13 6.54828e+12 1.49728e+12 11.4 11.6 1069 924 149 775 145 160 909
11.7 8.0437e+13 1.21801e+13 9.86054e+12 13.679 0.106939 0.0695324 6.8654e+13 1.24357e+13 8.77875e+12 8.67491e+13 1.04521e+13 1.06914e+13 13.7333 0.0850897 0.0817966 7.5061e+13 1.04458e+13 1.02968e+13 1.39075e+13 3.33381e+13 -3.02645e+12 13.0267 0.43418 -0.0238838 1.27298e+13 2.78282e+13 -1.61005e+12 9.2033e+13 8.92397e+12 1.10495e+13 13.7845 0.0578089 0.0862341 8.07966e+13 8.23484e+12 1.13428e+13 3.53815e+13 1.7731e+13 6.41609e+11 13.292 0.206305 0 2.8967e+13 1.51494e+13 3.92251e+10 1.27689e+13 3.10315e+13 -2.85586e+12 12.9864 0.451897 -0.0227365 1.16453e+13 2.50511e+13 -1.72215e+12 8.56898e+13 1.03357e+13 9.90647e+12 13.7328 0.0771208 0.0765276 7.42724e+13 1.04374e+13 9.64566e+12 11.6 11.8 236 207 14 193 29 17 219
11.9 1.42322e+14 2.29931e+13 2.58251e+13 14.01 0.072547 0.11128 1.28553e+14 1.92534e+13 2.68675e+13 1.49208e+14 2.22711e+13 2.86091e+13 14.0426 0.0540791 0.116306 1.35935e+14 1.79794e+13 2.93595e+13 6.59706e+13 2.13162e+13 4.90882e+13 13.8194 0.100343 0.595409 6.59706e+13 1.9929e+13 4.91333e+13 1.51893e+14 2.28471e+13 2.57368e+13 14.0498 0.0618505 0.0869799 1.38459e+14 2.02344e+13 2.43827e+13 3.21397e+13 4.39132e+13 9.22794e+12 13.4884 0.312698 0.128301 3.16893e+13 4.08094e+13 8.77758e+12 6.59706e+13 2.13162e+13 4.60073e+13 13.8194 0.100343 0.595409 6.59706e+13 1.9929e+13 4.66038e+13 1.44635e+14 2.49822e+13 2.34063e+13 14.0157 0.0769911 0.0877457 1.30656e+14 2.00696e+13 2.2302e+13 11.8 12 34 32 1 31 2 1 33
12.1 5.20037e+14 -1.09195e+14 4.12022e+14 14.5015 -0.0357046 0.46798 4.53754e+14 -7.98458e+13 3.45739e+14 5.20037e+14 -1.09195e+14 4.12022e+14 14.5015 -0.0357046 0.46798 4.53754e+14 -7.98458e+13 3.45739e+14 0 0 0 0 0 0 0 0 0 5.20037e+14 -1.09195e+14 4.12022e+14 14.5015 -0.0357046 0.46798 4.53754e+14 -7.98458e+13 3.45739e+14 0 0 0 0 0 0 0 0 0 0 0 0 0 0 0 0 0 0 5.20037e+14 -1.09195e+14 4.12022e+14 14.5015 -0.0357046 0.46798 4.53754e+14 -7.98458e+13 3.45739e+14 12 12.2 2 2 0 2 0 0 2
12.3 0 0 0 0 0 0 0 0 0 0 0 0 0 0 0 0 0 0 0 0 0 0 0 0 0 0 0 0 0 0 0 0 0 0 0 0 0 0 0 0 0 0 0 0 0 0 0 0 0 0 0 0 0 0 0 0 0 0 0 0 0 0 0 12.2 12.4 0 0 0 0 0 0 0
12.5 0 0 0 0 0 0 0 0 0 0 0 0 0 0 0 0 0 0 0 0 0 0 0 0 0 0 0 0 0 0 0 0 0 0 0 0 0 0 0 0 0 0 0 0 0 0 0 0 0 0 0 0 0 0 0 0 0 0 0 0 0 0 0 12.4 12.6 0 0 0 0 0 0 0
12.7 0 0 0 0 0 0 0 0 0 0 0 0 0 0 0 0 0 0 0 0 0 0 0 0 0 0 0 0 0 0 0 0 0 0 0 0 0 0 0 0 0 0 0 0 0 0 0 0 0 0 0 0 0 0 0 0 0 0 0 0 0 0 0 12.6 12.8 0 0 0 0 0 0 0
12.9 0 0 0 0 0 0 0 0 0 0 0 0 0 0 0 0 0 0 0 0 0 0 0 0 0 0 0 0 0 0 0 0 0 0 0 0 0 0 0 0 0 0 0 0 0 0 0 0 0 0 0 0 0 0 0 0 0 0 0 0 0 0 0 12.8 13 0 0 0 0 0 0 0
13.1 0 0 0 0 0 0 0 0 0 0 0 0 0 0 0 0 0 0 0 0 0 0 0 0 0 0 0 0 0 0 0 0 0 0 0 0 0 0 0 0 0 0 0 0 0 0 0 0 0 0 0 0 0 0 0 0 0 0 0 0 0 0 0 13 13.2 0 0 0 0 0 0 0
