#For SF galaxies, QTime is the duration of the last period when they were quenched.
#mpeak <FQ> AvgErr <QTime> AvgErr Median_QTime 1Sig+ 1Sig- <A_SM10> AvgErr Median_A_SM10 1Sig+ 1Sig- <A_SM50> AvgErr Median_A_SM50 1Sig+ 1Sig- <A_SM90> AvgErr Median_A_SM90 1Sig+ 1Sig- Counts
8.69766e+09 0 0 1.11378e+08 689765 0 0 0 0.448746 0.000205659 0.438006 0.125967 0.110752 0.710061 0.000169555 0.721605 0.0851238 0.114573 0.942028 6.99409e-05 0.952676 0.0168769 0.0318711 404393
1.58015e+10 0 0 9.51984e+07 736637 0 0 0 0.379745 0.000213818 0.372709 0.102791 0.0976478 0.680518 0.000192808 0.689997 0.0851552 0.10588 0.937887 7.24276e-05 0.946707 0.0169163 0.0311989 267822
2.48529e+10 0 0 9.55149e+07 813403 0 0 0 0.359238 0.000227987 0.351144 0.100886 0.0938975 0.680481 0.000198201 0.687565 0.0813536 0.096479 0.938569 7.03498e-05 0.945797 0.0166205 0.028563 223449
3.91689e+10 0 0 1.04479e+08 989628 0 0 0 0.358914 0.000253982 0.351331 0.0946518 0.088014 0.688067 0.000206134 0.692094 0.0753976 0.0848008 0.939478 7.35204e-05 0.945493 0.0160716 0.0258648 166904
6.21187e+10 0 0 1.33019e+08 1.40551e+06 0 0 0 0.369132 0.000291413 0.362492 0.0869511 0.0822258 0.694061 0.000228676 0.697481 0.0689726 0.0789064 0.938198 9.02432e-05 0.94416 0.015757 0.025103 114267
9.8472e+10 0 0 1.68214e+08 1.96329e+06 0 0 0 0.386656 0.000336821 0.380058 0.0824896 0.0769075 0.697038 0.000259514 0.700275 0.0626442 0.0722507 0.933083 0.000124692 0.939831 0.0170497 0.0263915 77207
1.55505e+11 0 0 2.15648e+08 2.91965e+06 0 3.40417e+08 0 0.407122 0.000435359 0.398686 0.0812029 0.074187 0.690169 0.00032555 0.69008 0.0619844 0.0653709 0.91846 0.000211626 0.928113 0.022716 0.0368185 48325
2.45941e+11 0 0 2.83073e+08 4.43016e+06 0 5.69512e+08 0 0.422486 0.000556854 0.413834 0.080241 0.0718834 0.665182 0.000440541 0.660795 0.0666916 0.0600187 0.886453 0.000373278 0.899659 0.0372372 0.0624964 28802
3.89836e+11 0 0 3.96737e+08 7.03871e+06 0 8.29125e+08 0 0.426074 0.000727257 0.417709 0.0805292 0.0729628 0.624688 0.000630693 0.617272 0.0723671 0.0608153 0.831312 0.000657974 0.844171 0.065093 0.0933654 16797
6.17307e+11 0 0 5.66475e+08 1.19304e+07 0 1.22757e+09 0 0.421693 0.000996619 0.410738 0.0846941 0.0703681 0.581825 0.000933154 0.57184 0.0770609 0.0664239 0.762663 0.00107569 0.764011 0.105326 0.103066 9530
9.76542e+11 0 0 8.63534e+08 2.11092e+07 0 1.8961e+09 0 0.404886 0.00148985 0.391344 0.0839073 0.0722862 0.543002 0.00148568 0.52728 0.0863475 0.0700487 0.700974 0.00171867 0.689443 0.134258 0.102143 5048
1.54271e+12 0 0 1.31833e+09 3.53685e+07 5.7795e+08 2.33933e+09 5.7795e+08 0.386391 0.00214948 0.371587 0.0865294 0.0776646 0.511173 0.00226257 0.491188 0.0983996 0.0770607 0.660572 0.00267406 0.643 0.165008 0.117995 2803
2.44632e+12 0 0 1.86242e+09 6.02838e+07 9.628e+08 3.14898e+09 9.628e+08 0.357574 0.00317404 0.340708 0.0913779 0.0798721 0.477394 0.00350665 0.456812 0.114317 0.0890398 0.630692 0.0044611 0.615006 0.198816 0.161771 1397
3.85984e+12 0 0 2.6965e+09 1.06068e+08 1.56627e+09 4.55249e+09 1.56627e+09 0.338361 0.00492974 0.316729 0.0924772 0.0841853 0.457311 0.00569224 0.423855 0.167737 0.0909083 0.610287 0.0071422 0.59667 0.237374 0.194143 718
6.05483e+12 0 0 3.46223e+09 1.80693e+08 2.18728e+09 5.72755e+09 1.68802e+09 0.304729 0.00624938 0.292174 0.0849937 0.0808071 0.429328 0.00887178 0.387077 0.17147 0.0905603 0.60314 0.0113578 0.596461 0.260058 0.219475 322
9.68093e+12 0 0 4.05257e+09 2.70979e+08 3.00455e+09 5.37355e+09 2.42048e+09 0.323985 0.0124036 0.279271 0.0966652 0.0596662 0.441698 0.0141073 0.374035 0.218323 0.0825375 0.606493 0.0172789 0.593968 0.280594 0.236045 161
1.57933e+13 0 0 4.42669e+09 4.9654e+08 2.10314e+09 7.87236e+09 1.6259e+09 0.30339 0.0194677 0.256429 0.18674 0.0720968 0.449958 0.0247055 0.354986 0.341762 0.0796157 0.592467 0.0261395 0.600545 0.240965 0.27736 71
2.44187e+13 0 0 6.1241e+09 7.80101e+08 6.94798e+09 3.40419e+09 5.85082e+09 0.295913 0.0281968 0.252678 0.104711 0.0376917 0.430633 0.0336077 0.372016 0.154368 0.0799044 0.660385 0.0423563 0.685609 0.257889 0.289365 29
3.7004e+13 0 0 5.72004e+09 9.92489e+08 7.49961e+09 2.28099e+09 6.45201e+09 0.32331 0.0442794 0.276856 0.210575 0.0810551 0.461688 0.0535606 0.388001 0.271299 0.135641 0.677857 0.0534913 0.602401 0.306062 0.210829 17
6.8141e+13 0 0 3.28911e+09 1.74015e+09 2.76817e+09 3.76149e+09 2.19865e+09 0.259507 0.0215068 0.244718 0.0571633 0.0127965 0.320417 0.051011 0.273354 0.148986 0.00779676 0.555154 0.16265 0.509513 0.347391 0.21047 3
9.46032e+13 0 0 6.99111e+09 3.59879e+09 9.00436e+09 2.9646e+09 9.00436e+09 0.408207 0.236716 0.190694 0.690439 0.0379003 0.526507 0.185036 0.428823 0.455652 0.162599 0.687354 0.196242 0.879344 0.00847167 0.584444 3
1.70018e+14 0 0 1.19325e+09 1.08631e+08 1.30188e+09 0 2.17263e+08 0.337267 0.0439233 0.38119 0 0.0878466 0.541712 0.0438751 0.585587 0 0.0877502 0.798933 0.172588 0.97152 0 0.345175 2
