#Peak halo masses in Msun
#Fractions of satellites that were quenched due to infall (f_q,sat - f_q,cen)
#MW Mass Range: 10^11.75 - 10^12.25 Msun.
#Group Mass Range: 10^12.75 - 10^13.25 Msun.
#Cluster Mass Range: 10^13.75 - 10^14.25 Msun.
#Quenched threshold: true SSFR < 1e-11/yr
#Bestfit_X_Counts is the number of galaxies in the bin for the bestfit model.
#Log10(HM_Center) FQ_infall(Sats) Err+ Err- FQ_infall(Sats_MW) Err+ Err- FQ_infall(Sats_Group) Err+ Err- FQ_infall(Sats_Cluster) Err+ Err- HM_Left_Edge HM_Right_Edge Bestfit_Halo_Counts Bestfit_Satellite_Counts Bestfit_Sats_MW_Counts Bestfit_Sats_GR_Counts Bestfit_Sats_Cluster_Counts
8 0 0 0 0 0 0 0 0 0 0 0 0 7.875 8.125 0 0 0 0 0
8.25 0 0 0 0 0 0 0 0 0 0 0 0 8.125 8.375 0 0 0 0 0
8.5 0 0 0 0 0 0 0 0 0 0 0 0 8.375 8.625 0 0 0 0 0
8.75 0.0191613 0.0174569 0.0180621 0.026334 0.0276624 0.0286205 0.0448208 0.0526321 0.038401 -0.0105872 0.019258 -0.00355372 8.625 8.875 31043 2179 116 353 449
9 -0.00527705 0.0049556 -0.000322327 -0.00389659 0.0180437 -0.00258042 -0.00197169 0.00185014 0.0118512 0.00295421 0.00997505 0.00306374 8.875 9.125 51873 6225 359 1094 1319
9.25 0.0218857 0.012993 0.019019 0.024544 0.00684296 0.0204265 0.0224519 0.0161484 0.0202726 0.0219906 0.0135392 0.0203962 9.125 9.375 227109 32099 2299 5615 6261
9.5 0.0701514 0.0394083 0.0460625 0.0563659 0.0383137 0.0400427 0.0805831 0.0485875 0.0517946 0.096996 0.0472751 0.0638514 9.375 9.625 755245 72127 6707 10835 11062
9.75 0.0847685 0.0347381 0.0289055 0.0896972 0.0420914 0.0347599 0.124603 0.0562238 0.043957 0.135689 0.0549047 0.0469426 9.625 9.875 2.02522e+06 220161 22322 27234 25514
10 0.111043 0.0504091 0.0239642 0.116114 0.0552089 0.0273594 0.14318 0.0587458 0.0275922 0.148512 0.0608922 0.0272699 9.875 10.125 3.17729e+06 511231 57742 63703 56753
10.25 0.13603 0.057534 0.0193572 0.144352 0.0643608 0.0227739 0.170586 0.0677586 0.0231039 0.166601 0.065717 0.0231913 10.125 10.375 2.42329e+06 514096 62474 66383 55406
10.5 0.156745 0.057446 0.0169764 0.162166 0.0610031 0.017563 0.194044 0.0646276 0.0171046 0.19098 0.0621775 0.0177599 10.375 10.625 1.546e+06 397418 50937 52880 42791
10.75 0.199122 0.0541081 0.0139668 0.192942 0.0579957 0.0160855 0.231168 0.0602174 0.0156413 0.231728 0.0582016 0.0156057 10.625 10.875 961923 277388 39083 39015 30858
11 0.249068 0.0490195 0.0192461 0.229922 0.0456592 0.0197159 0.278963 0.0539885 0.018354 0.273504 0.0506434 0.0172501 10.875 11.125 595233 188389 30101 27360 21000
11.25 0.288529 0.0464857 0.0172647 0.260724 0.0410883 0.023276 0.307384 0.0529014 0.0169844 0.32441 0.047563 0.0180995 11.125 11.375 356238 112765 21954 17588 13417
11.5 0.315959 0.0431704 0.0173707 0.260527 0.0384361 0.0211538 0.329027 0.0466656 0.0175912 0.360465 0.0474623 0.0157853 11.375 11.625 210666 63951 13408 11356 8274
11.75 0.342039 0.0394838 0.0206167 0.275041 0.0383023 0.0237816 0.35308 0.0434847 0.0203434 0.371307 0.0388099 0.0161625 11.625 11.875 124518 36179 4542 7275 5323
12 0.344106 0.0397051 0.0184098 0.278455 0.0561935 0.0135051 0.360177 0.0414965 0.0202054 0.358216 0.0373227 0.0154887 11.875 12.125 72791 20687 536 4942 3382
12.25 0.31557 0.0403225 0.0256342 0.373787 0.0364967 0.0857637 0.313945 0.0434803 0.0241531 0.31178 0.0388241 0.0228852 12.125 12.375 42256 11033 83 3173 2026
12.5 0.276684 0.0449441 0.0301623 0.354775 0.0436281 0.078363 0.274885 0.0420164 0.0302814 0.28764 0.0423121 0.0327627 12.375 12.625 24575 6100 17 1949 1288
12.75 0.215946 0.04268 0.0425159 0.359192 0.0670687 0.0547332 0.192033 0.0383575 0.0376228 0.205874 0.0470657 0.032483 12.625 12.875 14246 3302 3 676 874
13 0.165371 0.0484587 0.0395945 -0.734106 0.0732335 0.058104 0.158202 0.0634375 0.0283005 0.165894 0.0530241 0.0408273 12.875 13.125 7934 1721 0 65 560
13.25 0.132735 0.0357321 0.0529473 -0.803557 0.0761323 0.0589052 0.0146253 0.0842911 0.0316755 0.137165 0.0267175 0.0559925 13.125 13.375 4478 879 0 11 388
13.5 0.0711842 0.0437136 0.0345397 -0.871537 0.0664988 0.0458438 0.128463 0.0664988 0.0458438 0.0736111 0.0469419 0.0369498 13.375 13.625 2404 419 0 1 237
13.75 0.0418022 0.0296047 0.0192035 -0.922115 0.0615385 0.0259615 -0.922115 0.0615385 0.0259615 0.0373441 0.0373354 0.0330172 13.625 13.875 1234 194 0 0 74
14 -0.000601649 0.0329692 -0.00255096 -0.975285 0.0475285 0.00190115 -0.975285 0.0475285 0.00190115 0.0247148 0.0456274 0.00570345 13.875 14.125 605 79 0 0 9
14.25 0.0152672 0.0267175 0.0114504 -0.984733 0.0572519 0 -0.984733 0.0572519 0 -0.984733 0.0572519 0 14.125 14.375 287 25 0 0 0
14.5 0.0306122 0.0408164 0.0102041 -0.969388 0.0408164 0.0102041 -0.969388 0.0408164 0.0102041 -0.969388 0.0408164 0.0102041 14.375 14.625 101 3 0 0 0
14.75 -1 0.025641 0 -1 0.025641 0 -1 0.025641 0 -1 0.025641 0 14.625 14.875 39 0 0 0 0
15 -1 0 0 -1 0 0 -1 0 0 -1 0 0 14.875 15.125 3 0 0 0 0
15.25 -1 0 0 -1 0 0 -1 0 0 -1 0 0 15.125 15.375 1 0 0 0 0
15.5 0 0 0 0 0 0 0 0 0 0 0 0 15.375 15.625 0 0 0 0 0
15.75 0 0 0 0 0 0 0 0 0 0 0 0 15.625 15.875 0 0 0 0 0
