#Observed stellar masses in Msun
#Infall delay times in Gyr.
#MW Mass Range: 10^11.75 - 10^12.25 Msun.
#Group Mass Range: 10^12.75 - 10^13.25 Msun.
#Cluster Mass Range: 10^13.75 - 10^14.25 Msun.
#Err+ and Err- are errors over all MCMC points.
#+1 and -1 sigma are the 84th and 16th percentile ranges for galaxies in a single model.
#All satellites selected at a=0.288498.
#Quenched threshold: observed SSFR < 1e-11/yr
#Bestfit_X_Counts is the number of galaxies in the bin for the bestfit model.
#SM Median_Infall_Delay_Time(MW) Err+ Err- +1_sigma_Infall_Delay_Time(MW) Err+ Err- -1_sigma_Infall_Delay_Time(MW) Err+ Err- Median_Infall_Delay_Time(GR) Err+ Err- +1_sigma_Infall_Delay_Time(GR) Err+ Err- -1_sigma_Infall_Delay_Time(GR) Err+ Err- Median_Infall_Delay_Time(CL) Err+ Err- +1_sigma_Infall_Delay_Time(CL) Err+ Err- -1_sigma_Infall_Delay_Time(CL) Err+ Err- SM_Left SM_Right Bestfit_Galaxy_Counts Bestfit_Sats_MW_Counts Bestfit_Sats_GR_Counts Bestfit_Sats_Cluster_Counts
7.3 0.677258 0.054375 0.0591263 1.2362 0.139629 0.138896 0.24592 0.0227786 0.0227715 0.687222 0.0476037 0.0549313 1.22336 0.126988 0.113576 0.234004 0.0233257 0.0213333 2.43362 0 0 2.43362 0 0 2.43362 0 0 7.2 7.4 596112 30547 5775 0
7.5 0.763141 0.0498789 0.0617174 1.41727 0.0770161 0.147658 0.280908 0.0187758 0.0247656 0.765837 0.0585065 0.0606071 1.41647 0.164024 0.158173 0.278037 0.0206955 0.0304271 2.43362 0 0 2.43362 0 0 2.43362 0 0 7.4 7.6 478826 30289 5636 0
7.7 0.813115 0.0363609 0.0476471 1.48828 0.0387428 0.0704336 0.302197 0.0150195 0.0185082 0.839101 0.0425872 0.0544593 1.59048 0.0670764 0.133291 0.30531 0.0221185 0.0187307 2.43362 0 0 2.43362 0 0 2.43362 0 0 7.6 7.8 373781 27890 5163 0
7.9 0.820721 0.0288733 0.0417336 1.4836 0.0364031 0.0560354 0.306033 0.0119773 0.0161096 0.877062 0.0371221 0.0465571 1.64057 0.0487168 0.0873977 0.332963 0.0144457 0.0223782 2.43362 0 0 2.43362 0 0 2.43362 0 0 7.8 8 286365 24722 4497 0
8.1 0.801367 0.0258476 0.040462 1.44149 0.0374335 0.0629206 0.2955 0.0104441 0.016114 0.886426 0.0337801 0.0408965 1.65581 0.0361546 0.0615104 0.338287 0.0146529 0.0195199 2.43362 0 0 2.43362 0 0 2.43362 0 0 8 8.2 216580 20846 3852 0
8.3 0.765447 0.0248683 0.0386075 1.38993 0.0329314 0.0514398 0.280015 0.0107782 0.0140659 0.889 0.0267774 0.0451683 1.66639 0.0250175 0.0735977 0.333969 0.014585 0.0178641 2.43362 0 0 2.43362 0 0 2.43362 0 0 8.2 8.4 164157 17467 3278 0
8.5 0.736751 0.0204337 0.0391366 1.35435 0.031985 0.0549752 0.266394 0.00973627 0.0162845 0.867973 0.0283548 0.0439707 1.61359 0.0410811 0.0640503 0.322774 0.0171374 0.0172489 2.43362 0 0 2.43362 0 0 2.43362 0 0 8.4 8.6 125200 14401 2747 0
8.7 0.681018 0.0248328 0.0343817 1.29977 0.0319754 0.0585401 0.23795 0.00981501 0.0113725 0.862427 0.0289288 0.0366227 1.60502 0.0377924 0.0554631 0.341531 0.011297 0.0202832 2.43362 0 0 2.43362 0 0 2.43362 0 0 8.6 8.8 94885 11645 2324 0
8.9 0.65643 0.0262398 0.0363451 1.26553 0.0309454 0.0514867 0.220079 0.00953975 0.0117815 0.860053 0.0269436 0.0330908 1.60757 0.0291291 0.0606079 0.339933 0.0103972 0.018528 2.43362 0 0 2.43362 0 0 2.43362 0 0 8.8 9 71161 8742 1972 0
9.1 0.623799 0.0257527 0.0336855 1.22658 0.0366192 0.0567603 0.191699 0.011193 0.0102838 0.874273 0.0327511 0.0445158 1.59025 0.0301188 0.0556325 0.330399 0.0146853 0.0159733 2.43362 0 0 2.43362 0 0 2.43362 0 0 9 9.2 53383 6098 1608 0
9.3 0.60069 0.0207164 0.0385884 1.18633 0.0300938 0.0483885 0.178331 0.00985761 0.0100325 0.834697 0.0298938 0.0494874 1.50533 0.0334036 0.0480939 0.315807 0.0159203 0.0167465 2.43362 0 0 2.43362 0 0 2.43362 0 0 9.2 9.4 39619 3896 1385 0
9.5 0.591583 0.0218294 0.0313001 1.18721 0.0356494 0.0368179 0.17277 0.00922336 0.0133353 0.799057 0.0304682 0.0394026 1.50312 0.0310855 0.0746605 0.299334 0.0156851 0.0177095 2.43362 0 0 2.43362 0 0 2.43362 0 0 9.4 9.6 29444 2280 1166 0
9.7 0.542321 0.0285813 0.0315847 1.17171 0.0537215 0.0463538 0.137903 0.0192126 0.0105398 0.767221 0.0218246 0.0290799 1.40766 0.0413054 0.040014 0.287172 0.0158793 0.0209201 2.43362 0 0 2.43362 0 0 2.43362 0 0 9.6 9.8 22023 1175 1002 0
9.9 0.577269 0.0449522 0.0442587 1.20144 0.0213131 0.0476654 0.133265 0.0116839 0.0146847 0.765327 0.0258144 0.0463579 1.40098 0.0235289 0.0447464 0.275746 0.0145333 0.0170653 2.43362 0 0 2.43362 0 0 2.43362 0 0 9.8 10 16314 579 772 0
10.1 0.672704 0.0386919 0.0437982 1.23845 0.0303286 0.0376592 0.168228 0.0230914 0.0312809 0.708406 0.0216156 0.023919 1.37211 0.0311732 0.0521499 0.242111 0.0129941 0.0128389 2.43362 0 0 2.43362 0 0 2.43362 0 0 10 10.2 12138 251 656 0
10.3 0.754638 0.0773143 0.0730451 1.25282 0.0544136 0.0469438 0.206671 0.0994059 0.0438226 0.638663 0.0335923 0.0354004 1.2706 0.0616335 0.05608 0.21733 0.0260864 0.0190775 2.43362 0 0 2.43362 0 0 2.43362 0 0 10.2 10.4 9398 98 565 0
10.5 0.877859 0.179932 0.0612918 1.32098 0.0870253 0.0288858 0.359175 0.144062 0.0836318 0.626858 0.0221166 0.028538 1.21268 0.0500969 0.0394115 0.195765 0.0166081 0.0121672 2.43362 0 0 2.43362 0 0 2.43362 0 0 10.4 10.6 6897 32 468 0
10.7 0.723439 0.392974 0.0628737 1.45696 0.0618237 0.144418 0.320419 0.226815 0.201186 0.623384 0.0413933 0.0609296 1.20627 0.0466908 0.0625528 0.193434 0.0286795 0.0222695 2.43362 0 0 2.43362 0 0 2.43362 0 0 10.6 10.8 4953 11 323 0
10.9 1.28805 0.151536 0.564614 1.59599 0.0163721 0.288815 0.987578 0.308024 0.74107 0.574977 0.0369803 0.0442673 1.17551 0.058682 0.0741286 0.187115 0.0207381 0.0211409 2.43362 0 0 2.43362 0 0 2.43362 0 0 10.8 11 3136 3 224 0
11.1 1.34381 1.08981 0.315598 1.62051 0.813109 0.313341 0.997049 1.43657 0.00947165 0.605062 0.030892 0.0399368 1.1403 0.119855 0.0457951 0.176364 0.0151889 0.0161631 2.43362 0 0 2.43362 0 0 2.43362 0 0 11 11.2 1804 2 117 0
11.3 2.43362 0 0.822499 2.43362 0 0.804978 2.43362 0 0.84012 0.597094 0.0949882 0.0963444 1.13954 0.0517945 0.0383698 0.258819 0.0447024 0.0453162 2.43362 0 0 2.43362 0 0 2.43362 0 0 11.2 11.4 710 0 35 0
11.5 2.43362 0 0 2.43362 0 0 2.43362 0 0 0.628906 0.248953 0.063781 1.12984 0.0668665 0.12706 0.278265 0.0437445 0.161154 2.43362 0 0 2.43362 0 0 2.43362 0 0 11.4 11.6 245 0 9 0
11.7 2.43362 0 0 2.43362 0 0 2.43362 0 0 0.597094 0.801732 0.0319688 1.4088 0.00863886 0.82183 0.553407 0.826722 0.010191 2.43362 0 0 2.43362 0 0 2.43362 0 0 11.6 11.8 41 0 2 0
11.9 2.43362 0 0 2.43362 0 0 2.43362 0 0 2.43362 0 1.03479 2.43362 0 1.01619 2.43362 0 1.05349 2.43362 0 0 2.43362 0 0 2.43362 0 0 11.8 12 4 0 0 0
12.1 2.43362 0 0 2.43362 0 0 2.43362 0 0 2.43362 0 0 2.43362 0 0 2.43362 0 0 2.43362 0 0 2.43362 0 0 2.43362 0 0 12 12.2 3 0 0 0
12.3 2.43362 0 0 2.43362 0 0 2.43362 0 0 2.43362 0 0 2.43362 0 0 2.43362 0 0 2.43362 0 0 2.43362 0 0 2.43362 0 0 12.2 12.4 0 0 0 0
12.5 2.43362 0 0 2.43362 0 0 2.43362 0 0 2.43362 0 0 2.43362 0 0 2.43362 0 0 2.43362 0 0 2.43362 0 0 2.43362 0 0 12.4 12.6 0 0 0 0
12.7 2.43362 0 0 2.43362 0 0 2.43362 0 0 2.43362 0 0 2.43362 0 0 2.43362 0 0 2.43362 0 0 2.43362 0 0 2.43362 0 0 12.6 12.8 0 0 0 0
12.9 2.43362 0 0 2.43362 0 0 2.43362 0 0 2.43362 0 0 2.43362 0 0 2.43362 0 0 2.43362 0 0 2.43362 0 0 2.43362 0 0 12.8 13 0 0 0 0
13.1 2.43362 0 0 2.43362 0 0 2.43362 0 0 2.43362 0 0 2.43362 0 0 2.43362 0 0 2.43362 0 0 2.43362 0 0 2.43362 0 0 13 13.2 0 0 0 0
