#Peak halo mass range: 11.375 < log10(Mh/Msun) < 11.625
#Quenched threshold: True SFR / True SM < 1e-11 / yr
#True SFHs in units of Msun/yr.
#See documentation for explanation of true vs. observed SFRs and SMs.
#Bestfit halos in bin: 169276
#Bestfit SF halos in bin: 166551
#Bestfit Q halos in bin: 2725
#Bestfit central halos in bin: 129914
#Bestfit satellite halos in bin: 39362
#Avg_scale_factor <SFH_all> Err+ Err- <SFH_SF> Err+ Err- <SFH_Q> Err+ Err- <SFH_Cen> Err+ Err- <SFH_Sat> Err+ Err- Scale_factor_begin Scale_factor_end
0.028936 4.95529e-06 5.81355e-06 4.91124e-06 5.03636e-06 5.77661e-06 5.03551e-06 0 5.88283e-05 0 0 0 0 2.13102e-05 2.56831e-05 2.11049e-05 0.000000 0.057873
0.059561 7.35222e-05 0.000139029 6.84235e-05 6.1576e-05 0.000113167 5.86485e-05 0.000803674 0.000852915 0.000785073 4.57243e-05 9.39379e-05 4.38258e-05 0.000165269 0.000388162 0.000155314 0.057873 0.061248
0.062373 0.000371395 0.000437001 0.00033264 0.000327859 0.000388985 0.000306619 0.00303231 0.00194809 0.00292142 0.000191045 0.000228968 0.000179495 0.000966639 0.00107751 0.000880504 0.061248 0.063498
0.064623 0.00111708 0.00106936 0.000999203 0.000998044 0.000946566 0.000907327 0.00839236 0.00367292 0.00790037 0.000714291 0.000678634 0.000653556 0.00244647 0.00243684 0.00217014 0.063498 0.065748
0.066873 0.00224071 0.00207913 0.00195957 0.00206113 0.00185498 0.00183424 0.0132169 0.0065278 0.0119151 0.00126599 0.0014236 0.00110543 0.00545777 0.00537119 0.00474044 0.065748 0.067998
0.069123 0.00350304 0.00306534 0.00289536 0.00328685 0.00289459 0.00272223 0.0167162 0.00457169 0.0147488 0.00221919 0.00212304 0.00187878 0.00774037 0.00640047 0.00645768 0.067998 0.070248
0.071373 0.00549668 0.00362447 0.00424589 0.00526406 0.00359475 0.00409285 0.0197143 0.00829075 0.0169952 0.00360356 0.00268 0.00278751 0.0117449 0.0072715 0.00904934 0.070248 0.072498
0.073623 0.00889682 0.00516282 0.00654794 0.00852846 0.00512363 0.00637145 0.0314107 0.0145777 0.0255868 0.0058246 0.00417059 0.00425194 0.0190367 0.0107841 0.0139152 0.072498 0.074748
0.075873 0.0129432 0.00839456 0.00920513 0.0122562 0.00754904 0.00868425 0.0549366 0.00819144 0.04487 0.00853421 0.00650597 0.00624458 0.0274951 0.0153483 0.0190902 0.074748 0.076998
0.078123 0.0179502 0.012293 0.0121951 0.0171079 0.0108662 0.0118143 0.069429 0.0183575 0.0540301 0.0112315 0.00885627 0.0081135 0.0401253 0.022027 0.0265929 0.076998 0.079248
0.080373 0.0223527 0.0151965 0.0148948 0.0213062 0.0154753 0.0146186 0.086314 0.0212449 0.0670528 0.0153802 0.011498 0.0105641 0.0453655 0.0301781 0.0300742 0.079248 0.081498
0.082904 0.0258508 0.018357 0.016589 0.0247972 0.0177251 0.0159933 0.0902471 0.0284757 0.0664377 0.0184118 0.0133614 0.0116241 0.0504029 0.0326347 0.0312098 0.081498 0.084311
0.085998 0.040216 0.0259494 0.0232944 0.0386649 0.0247185 0.0225873 0.135021 0.036745 0.0969832 0.0305579 0.0215512 0.0177979 0.0720928 0.0423559 0.041944 0.084311 0.087685
0.089373 0.0514582 0.0311204 0.0271993 0.049527 0.028586 0.026995 0.169496 0.0435443 0.112595 0.0397406 0.0242347 0.0219866 0.0901322 0.0470677 0.0472263 0.087685 0.091061
0.092748 0.0641434 0.0346878 0.0320025 0.0617148 0.031857 0.0308827 0.212578 0.033366 0.138088 0.0496449 0.0290961 0.0251236 0.111995 0.0527521 0.0552296 0.091061 0.094435
0.096123 0.0791282 0.0376694 0.0352032 0.0761642 0.0344446 0.0347079 0.260288 0.0302148 0.163327 0.0617423 0.0329355 0.0294554 0.13651 0.0559092 0.0625439 0.094435 0.097811
0.099498 0.091955 0.0391662 0.0374829 0.0890406 0.0365416 0.0369201 0.270082 0.0352616 0.162447 0.0727387 0.0345218 0.0311677 0.155379 0.0628801 0.0661948 0.097811 0.101186
0.102873 0.106997 0.0425227 0.0404784 0.103775 0.0420509 0.0399309 0.303907 0.0275588 0.170459 0.0843789 0.0352801 0.0328963 0.181647 0.0633934 0.0714977 0.101186 0.104560
0.106248 0.121502 0.0439295 0.0418111 0.117542 0.0418024 0.0423301 0.363538 0.0374264 0.204463 0.0952948 0.0381834 0.0328657 0.207999 0.0683801 0.0759014 0.104560 0.107936
0.109623 0.139338 0.0483181 0.0438027 0.134226 0.0451496 0.043465 0.451745 0.0575028 0.254109 0.107177 0.0408338 0.034384 0.245485 0.0813812 0.0815558 0.107936 0.111310
0.112998 0.15669 0.0550889 0.0461483 0.150619 0.0505515 0.045858 0.527739 0.0678428 0.303263 0.120424 0.0442673 0.0346041 0.276386 0.0853131 0.0817537 0.111310 0.114686
0.116373 0.17455 0.0607408 0.0480387 0.167638 0.051614 0.0478717 0.597017 0.0722234 0.331182 0.133377 0.047105 0.0365206 0.310442 0.0907252 0.0890805 0.114686 0.118060
0.119748 0.194173 0.0615048 0.0493232 0.185536 0.0580831 0.0493806 0.722099 0.0518255 0.430732 0.146578 0.0495215 0.0353456 0.351262 0.102985 0.09734 0.118060 0.121435
0.123123 0.21228 0.0646811 0.0516375 0.203129 0.0603174 0.0495754 0.771589 0.0617476 0.447412 0.159606 0.0536693 0.0371609 0.38613 0.110651 0.102944 0.121435 0.124811
0.126498 0.23196 0.0678967 0.0553004 0.221781 0.0608041 0.0525605 0.854107 0.0703169 0.49669 0.172116 0.0566798 0.0358292 0.429477 0.117472 0.11878 0.124811 0.128185
0.129873 0.254547 0.0694317 0.0605831 0.241549 0.0628102 0.0554884 1.049 0.0228541 0.643592 0.187231 0.0585767 0.0384354 0.476721 0.118894 0.13071 0.128185 0.131561
0.133248 0.278451 0.0744652 0.0650843 0.265277 0.0664862 0.0648225 1.08364 0.0614558 0.650238 0.204464 0.060684 0.0432195 0.522644 0.129703 0.138 0.131561 0.134935
0.137045 0.30123 0.0764961 0.0704929 0.288215 0.0690704 0.0698292 1.09665 0.132002 0.637825 0.222196 0.061548 0.0465594 0.56208 0.136835 0.147262 0.134935 0.139154
0.141685 0.342156 0.082107 0.0792069 0.324674 0.0768328 0.0780264 1.41065 0.106289 0.878178 0.251523 0.0659227 0.0535032 0.641291 0.152871 0.174836 0.139154 0.144217
0.146748 0.380336 0.0914448 0.0885193 0.361554 0.0793012 0.0864561 1.52827 0.144925 0.927571 0.278932 0.0753738 0.0605337 0.715019 0.16012 0.192332 0.144217 0.149279
0.151810 0.423307 0.101005 0.100061 0.40153 0.0868975 0.0962588 1.75431 0.167138 1.07711 0.308069 0.0761249 0.0659053 0.80365 0.171902 0.21725 0.149279 0.154342
0.156873 0.461179 0.110838 0.105492 0.439334 0.0890787 0.104541 1.79633 0.220823 1.08576 0.335199 0.0900257 0.0700461 0.876972 0.182791 0.230861 0.154342 0.159404
0.161935 0.503829 0.113207 0.114785 0.481195 0.0965887 0.113772 1.88722 0.248727 1.10689 0.363223 0.0969578 0.0751889 0.967899 0.19717 0.253258 0.159404 0.164467
0.166998 0.546778 0.122434 0.123565 0.523092 0.101526 0.123847 1.99446 0.291768 1.14581 0.393892 0.0966203 0.0811784 1.05138 0.230491 0.282366 0.164467 0.169529
0.172060 0.589362 0.129449 0.134169 0.564708 0.102269 0.132063 2.0962 0.319595 1.20404 0.423439 0.102768 0.0866391 1.13699 0.258517 0.319165 0.169529 0.174591
0.177123 0.635071 0.140591 0.15366 0.608856 0.107412 0.146017 2.23737 0.359209 1.27535 0.457337 0.108926 0.0944936 1.22168 0.266487 0.35297 0.174591 0.179654
0.182185 0.678611 0.150146 0.166554 0.651743 0.114607 0.160305 2.32081 0.364173 1.30639 0.491094 0.108821 0.101471 1.29751 0.282299 0.384407 0.179654 0.184716
0.187248 0.721438 0.15707 0.18404 0.695344 0.119094 0.174918 2.31632 0.42392 1.27732 0.5229 0.121141 0.111681 1.37671 0.305512 0.401942 0.184716 0.189779
0.192310 0.765785 0.166752 0.193632 0.739277 0.128406 0.179119 2.38594 0.423697 1.32353 0.557367 0.124654 0.12385 1.45367 0.314372 0.420655 0.189779 0.194842
0.197373 0.804806 0.178616 0.198583 0.779931 0.146722 0.184474 2.32519 0.394251 1.24946 0.590081 0.127507 0.132701 1.51351 0.333066 0.437496 0.194842 0.199904
0.202435 0.844637 0.181101 0.208378 0.820968 0.144522 0.203297 2.2913 0.477319 1.18138 0.624598 0.131083 0.14141 1.57088 0.347973 0.447929 0.199904 0.204967
0.207498 0.886067 0.180843 0.219944 0.863683 0.160495 0.223602 2.25415 0.480355 1.11833 0.660431 0.135289 0.150784 1.63077 0.361753 0.46064 0.204967 0.210029
0.212560 0.930233 0.195466 0.231743 0.908657 0.174659 0.230693 2.24892 0.463976 1.10224 0.69903 0.147669 0.161253 1.69331 0.384813 0.481384 0.210029 0.215091
0.217623 0.969245 0.213274 0.245915 0.949598 0.174191 0.248133 2.17003 0.429428 1.01912 0.737773 0.147788 0.173505 1.73322 0.39262 0.490926 0.215091 0.220154
0.222685 1.00791 0.221337 0.255542 0.989821 0.180648 0.25813 2.11332 0.397494 0.967525 0.77738 0.155705 0.184318 1.76876 0.400696 0.495983 0.220154 0.225217
0.227748 1.04808 0.232473 0.260513 1.03132 0.195042 0.267849 2.07287 0.42158 0.912083 0.816374 0.179083 0.202923 1.81283 0.412214 0.507732 0.225217 0.230279
0.232810 1.09288 0.241212 0.281378 1.0771 0.210346 0.285188 2.05762 0.546222 0.888689 0.859382 0.192763 0.222998 1.86355 0.430804 0.532823 0.230279 0.235342
0.237873 1.1392 0.241452 0.299858 1.12154 0.245149 0.307444 2.21846 0.630731 1.02389 0.905072 0.199338 0.243446 1.91193 0.44313 0.565049 0.235342 0.240404
0.242935 1.18459 0.252878 0.319013 1.16815 0.249595 0.32454 2.18951 0.613033 0.983869 0.954068 0.22168 0.263508 1.94545 0.448949 0.571975 0.240404 0.245467
0.247998 1.21591 0.262464 0.338149 1.20272 0.250318 0.337927 2.02229 0.626226 0.858453 0.992321 0.240233 0.282473 1.95388 0.450799 0.546088 0.245467 0.250529
0.253060 1.25838 0.280241 0.349461 1.24624 0.270799 0.355408 2 0.639811 0.836428 1.03874 0.256707 0.303816 1.98328 0.463756 0.558499 0.250529 0.255592
0.258123 1.29095 0.294057 0.3649 1.28157 0.284029 0.372633 1.8643 0.593283 0.765569 1.07834 0.267732 0.319021 1.99268 0.46208 0.557804 0.255592 0.260654
0.263185 1.32668 0.300725 0.372686 1.31942 0.300231 0.388893 1.77003 0.653085 0.700433 1.12127 0.281122 0.334316 2.00462 0.473558 0.547539 0.260654 0.265716
0.268248 1.36378 0.319848 0.37526 1.35877 0.315208 0.399665 1.67016 0.701634 0.625799 1.16489 0.282072 0.350372 2.02022 0.488341 0.544279 0.265716 0.270779
0.273310 1.39425 0.335465 0.391103 1.3913 0.328726 0.395217 1.57469 0.708383 0.563238 1.20492 0.279365 0.36157 2.01914 0.502555 0.539127 0.270779 0.275842
0.278373 1.43125 0.342854 0.390738 1.42994 0.342093 0.390229 1.51106 0.715002 0.528139 1.24835 0.293955 0.370093 2.0349 0.518152 0.5396 0.275842 0.280904
0.283435 1.45816 0.342997 0.409945 1.45808 0.355229 0.394425 1.4628 0.684028 0.509199 1.28394 0.305281 0.369727 2.03315 0.511685 0.52405 0.280904 0.285967
0.288498 1.49841 0.358483 0.41628 1.50018 0.376567 0.402885 1.39004 0.715171 0.452124 1.32809 0.321669 0.388987 2.06056 0.536546 0.522817 0.285967 0.291029
0.293560 1.53356 0.387226 0.419372 1.5365 0.394244 0.415589 1.35383 0.715938 0.427116 1.37075 0.340319 0.398469 2.07089 0.547906 0.531661 0.291029 0.296091
0.298623 1.57453 0.416938 0.43281 1.57846 0.412847 0.43184 1.33441 0.723038 0.416432 1.41683 0.354324 0.410909 2.095 0.554108 0.546108 0.296091 0.301154
0.303685 1.61167 0.436087 0.44495 1.61698 0.431123 0.44316 1.28706 0.728063 0.39398 1.46088 0.369227 0.41661 2.10935 0.55771 0.544598 0.301154 0.306217
0.308748 1.65365 0.452664 0.457353 1.66148 0.451188 0.444862 1.17453 0.787233 0.322073 1.51006 0.386304 0.423665 2.12756 0.579639 0.520181 0.306217 0.311279
0.313810 1.69596 0.480234 0.469717 1.70578 0.475029 0.454173 1.09612 0.780335 0.29481 1.55936 0.40663 0.439884 2.14682 0.57636 0.520465 0.311279 0.316341
0.318873 1.74002 0.491611 0.470736 1.75267 0.505161 0.462012 0.966295 0.733519 0.248355 1.61028 0.434567 0.455915 2.16822 0.621623 0.513015 0.316341 0.321404
0.323935 1.7887 0.499953 0.472943 1.80457 0.527345 0.466745 0.8188 0.727948 0.195943 1.66366 0.463973 0.471179 2.20139 0.625885 0.516848 0.321404 0.326466
0.328997 1.84163 0.516089 0.463546 1.86 0.552391 0.464783 0.71894 0.702283 0.179042 1.72196 0.495027 0.47172 2.23658 0.641191 0.525538 0.326466 0.331528
0.334060 1.90309 0.539868 0.480229 1.9236 0.576269 0.46909 0.649299 0.620599 0.205977 1.78946 0.529911 0.48737 2.27814 0.66665 0.533539 0.331528 0.336591
0.339122 1.9687 0.542086 0.495542 1.99234 0.592994 0.460192 0.523723 0.549984 0.174344 1.86188 0.551758 0.502687 2.32124 0.695093 0.529491 0.336591 0.341653
0.344185 2.03744 0.565557 0.500184 2.06411 0.618634 0.470111 0.407335 0.432756 0.156422 1.93721 0.555795 0.518257 2.36823 0.716355 0.55126 0.341653 0.346716
0.349247 2.11615 0.603048 0.51998 2.14678 0.668561 0.479838 0.244273 0.298325 0.0988709 2.02504 0.586448 0.530627 2.41686 0.752231 0.548597 0.346716 0.351779
0.354310 2.20408 0.618978 0.535027 2.24004 0.725158 0.490485 0.00625762 0.00192538 0.00240191 2.11986 0.635316 0.545347 2.48205 0.777338 0.557699 0.351779 0.356841
0.359372 0 0 0 0 0 0 0 0 0 0 0 0 0 0 0 0.356841 0.361903
0.364435 0 0 0 0 0 0 0 0 0 0 0 0 0 0 0 0.361903 0.366966
0.369497 0 0 0 0 0 0 0 0 0 0 0 0 0 0 0 0.366966 0.372028
0.374560 0 0 0 0 0 0 0 0 0 0 0 0 0 0 0 0.372028 0.377091
0.379622 0 0 0 0 0 0 0 0 0 0 0 0 0 0 0 0.377091 0.382154
0.384685 0 0 0 0 0 0 0 0 0 0 0 0 0 0 0 0.382154 0.387216
0.389747 0 0 0 0 0 0 0 0 0 0 0 0 0 0 0 0.387216 0.392278
0.394810 0 0 0 0 0 0 0 0 0 0 0 0 0 0 0 0.392278 0.397341
0.399872 0 0 0 0 0 0 0 0 0 0 0 0 0 0 0 0.397341 0.402404
0.404935 0 0 0 0 0 0 0 0 0 0 0 0 0 0 0 0.402404 0.407466
0.409997 0 0 0 0 0 0 0 0 0 0 0 0 0 0 0 0.407466 0.412529
0.415060 0 0 0 0 0 0 0 0 0 0 0 0 0 0 0 0.412529 0.417591
0.420122 0 0 0 0 0 0 0 0 0 0 0 0 0 0 0 0.417591 0.422653
0.425185 0 0 0 0 0 0 0 0 0 0 0 0 0 0 0 0.422653 0.427716
0.430247 0 0 0 0 0 0 0 0 0 0 0 0 0 0 0 0.427716 0.432779
0.435310 0 0 0 0 0 0 0 0 0 0 0 0 0 0 0 0.432779 0.437841
0.440372 0 0 0 0 0 0 0 0 0 0 0 0 0 0 0 0.437841 0.442903
0.445435 0 0 0 0 0 0 0 0 0 0 0 0 0 0 0 0.442903 0.447966
0.450497 0 0 0 0 0 0 0 0 0 0 0 0 0 0 0 0.447966 0.453029
0.455560 0 0 0 0 0 0 0 0 0 0 0 0 0 0 0 0.453029 0.458091
0.460622 0 0 0 0 0 0 0 0 0 0 0 0 0 0 0 0.458091 0.463154
0.465685 0 0 0 0 0 0 0 0 0 0 0 0 0 0 0 0.463154 0.468216
0.470747 0 0 0 0 0 0 0 0 0 0 0 0 0 0 0 0.468216 0.473278
0.475810 0 0 0 0 0 0 0 0 0 0 0 0 0 0 0 0.473278 0.478341
0.480872 0 0 0 0 0 0 0 0 0 0 0 0 0 0 0 0.478341 0.483404
0.485935 0 0 0 0 0 0 0 0 0 0 0 0 0 0 0 0.483404 0.488466
0.490997 0 0 0 0 0 0 0 0 0 0 0 0 0 0 0 0.488466 0.493528
0.496060 0 0 0 0 0 0 0 0 0 0 0 0 0 0 0 0.493528 0.498591
0.501122 0 0 0 0 0 0 0 0 0 0 0 0 0 0 0 0.498591 0.503654
0.506185 0 0 0 0 0 0 0 0 0 0 0 0 0 0 0 0.503654 0.508716
0.511247 0 0 0 0 0 0 0 0 0 0 0 0 0 0 0 0.508716 0.513778
0.516310 0 0 0 0 0 0 0 0 0 0 0 0 0 0 0 0.513778 0.518841
0.521372 0 0 0 0 0 0 0 0 0 0 0 0 0 0 0 0.518841 0.523903
0.526435 0 0 0 0 0 0 0 0 0 0 0 0 0 0 0 0.523903 0.528966
0.531497 0 0 0 0 0 0 0 0 0 0 0 0 0 0 0 0.528966 0.534029
0.536560 0 0 0 0 0 0 0 0 0 0 0 0 0 0 0 0.534029 0.539091
0.541622 0 0 0 0 0 0 0 0 0 0 0 0 0 0 0 0.539091 0.544153
0.546685 0 0 0 0 0 0 0 0 0 0 0 0 0 0 0 0.544153 0.549216
0.551747 0 0 0 0 0 0 0 0 0 0 0 0 0 0 0 0.549216 0.554278
0.556810 0 0 0 0 0 0 0 0 0 0 0 0 0 0 0 0.554278 0.559341
0.561872 0 0 0 0 0 0 0 0 0 0 0 0 0 0 0 0.559341 0.564404
0.566935 0 0 0 0 0 0 0 0 0 0 0 0 0 0 0 0.564404 0.569466
0.571997 0 0 0 0 0 0 0 0 0 0 0 0 0 0 0 0.569466 0.574528
0.577060 0 0 0 0 0 0 0 0 0 0 0 0 0 0 0 0.574528 0.579592
0.582123 0 0 0 0 0 0 0 0 0 0 0 0 0 0 0 0.579592 0.584654
0.587185 0 0 0 0 0 0 0 0 0 0 0 0 0 0 0 0.584654 0.589717
0.592248 0 0 0 0 0 0 0 0 0 0 0 0 0 0 0 0.589717 0.594779
0.597310 0 0 0 0 0 0 0 0 0 0 0 0 0 0 0 0.594779 0.599841
0.602373 0 0 0 0 0 0 0 0 0 0 0 0 0 0 0 0.599841 0.604904
0.607435 0 0 0 0 0 0 0 0 0 0 0 0 0 0 0 0.604904 0.609967
0.612498 0 0 0 0 0 0 0 0 0 0 0 0 0 0 0 0.609967 0.615029
0.617560 0 0 0 0 0 0 0 0 0 0 0 0 0 0 0 0.615029 0.620092
0.622623 0 0 0 0 0 0 0 0 0 0 0 0 0 0 0 0.620092 0.625154
0.627685 0 0 0 0 0 0 0 0 0 0 0 0 0 0 0 0.625154 0.630216
0.632748 0 0 0 0 0 0 0 0 0 0 0 0 0 0 0 0.630216 0.635279
0.637810 0 0 0 0 0 0 0 0 0 0 0 0 0 0 0 0.635279 0.640342
0.642873 0 0 0 0 0 0 0 0 0 0 0 0 0 0 0 0.640342 0.645404
0.647935 0 0 0 0 0 0 0 0 0 0 0 0 0 0 0 0.645404 0.650466
0.652998 0 0 0 0 0 0 0 0 0 0 0 0 0 0 0 0.650466 0.655529
0.658060 0 0 0 0 0 0 0 0 0 0 0 0 0 0 0 0.655529 0.660591
0.663123 0 0 0 0 0 0 0 0 0 0 0 0 0 0 0 0.660591 0.665654
0.668185 0 0 0 0 0 0 0 0 0 0 0 0 0 0 0 0.665654 0.670717
0.673248 0 0 0 0 0 0 0 0 0 0 0 0 0 0 0 0.670717 0.675779
0.678310 0 0 0 0 0 0 0 0 0 0 0 0 0 0 0 0.675779 0.680841
0.684006 0 0 0 0 0 0 0 0 0 0 0 0 0 0 0 0.680841 0.687170
0.690967 0 0 0 0 0 0 0 0 0 0 0 0 0 0 0 0.687170 0.694764
0.698560 0 0 0 0 0 0 0 0 0 0 0 0 0 0 0 0.694764 0.702357
0.706154 0 0 0 0 0 0 0 0 0 0 0 0 0 0 0 0.702357 0.709951
0.713748 0 0 0 0 0 0 0 0 0 0 0 0 0 0 0 0.709951 0.717545
0.721342 0 0 0 0 0 0 0 0 0 0 0 0 0 0 0 0.717545 0.725139
0.728935 0 0 0 0 0 0 0 0 0 0 0 0 0 0 0 0.725139 0.732732
0.736529 0 0 0 0 0 0 0 0 0 0 0 0 0 0 0 0.732732 0.740326
0.744123 0 0 0 0 0 0 0 0 0 0 0 0 0 0 0 0.740326 0.747920
0.751717 0 0 0 0 0 0 0 0 0 0 0 0 0 0 0 0.747920 0.755513
0.759310 0 0 0 0 0 0 0 0 0 0 0 0 0 0 0 0.755513 0.763107
0.766904 0 0 0 0 0 0 0 0 0 0 0 0 0 0 0 0.763107 0.770701
0.774498 0 0 0 0 0 0 0 0 0 0 0 0 0 0 0 0.770701 0.778295
0.782092 0 0 0 0 0 0 0 0 0 0 0 0 0 0 0 0.778295 0.785888
0.789685 0 0 0 0 0 0 0 0 0 0 0 0 0 0 0 0.785888 0.793482
0.797279 0 0 0 0 0 0 0 0 0 0 0 0 0 0 0 0.793482 0.801076
0.804873 0 0 0 0 0 0 0 0 0 0 0 0 0 0 0 0.801076 0.808670
0.812467 0 0 0 0 0 0 0 0 0 0 0 0 0 0 0 0.808670 0.816263
0.820060 0 0 0 0 0 0 0 0 0 0 0 0 0 0 0 0.816263 0.823857
0.827654 0 0 0 0 0 0 0 0 0 0 0 0 0 0 0 0.823857 0.831451
0.835248 0 0 0 0 0 0 0 0 0 0 0 0 0 0 0 0.831451 0.839045
0.842842 0 0 0 0 0 0 0 0 0 0 0 0 0 0 0 0.839045 0.846639
0.850435 0 0 0 0 0 0 0 0 0 0 0 0 0 0 0 0.846639 0.854232
0.858029 0 0 0 0 0 0 0 0 0 0 0 0 0 0 0 0.854232 0.861826
0.865623 0 0 0 0 0 0 0 0 0 0 0 0 0 0 0 0.861826 0.869420
0.873217 0 0 0 0 0 0 0 0 0 0 0 0 0 0 0 0.869420 0.877014
0.880810 0 0 0 0 0 0 0 0 0 0 0 0 0 0 0 0.877014 0.884607
0.888404 0 0 0 0 0 0 0 0 0 0 0 0 0 0 0 0.884607 0.892201
0.895998 0 0 0 0 0 0 0 0 0 0 0 0 0 0 0 0.892201 0.899795
0.903592 0 0 0 0 0 0 0 0 0 0 0 0 0 0 0 0.899795 0.907389
0.911185 0 0 0 0 0 0 0 0 0 0 0 0 0 0 0 0.907389 0.914982
0.918779 0 0 0 0 0 0 0 0 0 0 0 0 0 0 0 0.914982 0.922576
0.926373 0 0 0 0 0 0 0 0 0 0 0 0 0 0 0 0.922576 0.930170
0.933967 0 0 0 0 0 0 0 0 0 0 0 0 0 0 0 0.930170 0.937763
0.941560 0 0 0 0 0 0 0 0 0 0 0 0 0 0 0 0.937763 0.945357
0.949154 0 0 0 0 0 0 0 0 0 0 0 0 0 0 0 0.945357 0.952951
0.956748 0 0 0 0 0 0 0 0 0 0 0 0 0 0 0 0.952951 0.960545
0.964342 0 0 0 0 0 0 0 0 0 0 0 0 0 0 0 0.960545 0.968138
0.971935 0 0 0 0 0 0 0 0 0 0 0 0 0 0 0 0.968138 0.975732
0.979529 0 0 0 0 0 0 0 0 0 0 0 0 0 0 0 0.975732 0.983326
0.987123 0 0 0 0 0 0 0 0 0 0 0 0 0 0 0 0.983326 0.990920
0.994717 0 0 0 0 0 0 0 0 0 0 0 0 0 0 0 0.990920 0.998514
1.000412 0 0 0 0 0 0 0 0 0 0 0 0 0 0 0 0.998514 1.002310
