#Peak halo mass range: 10.625 < log10(Mh/Msun) < 10.875
#Quenched threshold: True SFR / True SM < 1e-11 / yr
#True SFHs in units of Msun/yr.
#See documentation for explanation of true vs. observed SFRs and SMs.
#Bestfit halos in bin: 941695
#Bestfit SF halos in bin: 779703
#Bestfit Q halos in bin: 161992
#Bestfit central halos in bin: 673834
#Bestfit satellite halos in bin: 267861
#Avg_scale_factor <SFH_all> Err+ Err- <SFH_SF> Err+ Err- <SFH_Q> Err+ Err- <SFH_Cen> Err+ Err- <SFH_Sat> Err+ Err- Scale_factor_begin Scale_factor_end
0.028936 0 4.04581e-09 0 0 0 0 0 0 0 0 0 0 0 1.4773e-08 0 0.000000 0.057873
0.059561 0 2.78057e-08 0 0 0 0 0 0 0 0 0 0 0 9.83245e-08 0 0.057873 0.061248
0.062373 0 2.57385e-08 0 0 0 0 0 0 0 0 0 0 0 9.23203e-08 0 0.061248 0.063498
0.064623 4.38243e-07 1.76765e-06 4.12116e-07 2.4989e-07 7.00267e-07 2.33435e-07 1.34483e-06 2.58888e-06 1.30641e-06 2.89152e-07 5.59873e-07 2.7346e-07 8.133e-07 3.25226e-06 7.69714e-07 0.063498 0.065748
0.066873 2.45867e-07 1.02447e-06 2.31017e-07 2.1616e-07 5.46807e-07 2.02254e-07 3.88851e-07 5.25501e-07 3.82133e-07 2.37933e-07 3.50899e-07 2.2391e-07 2.65825e-07 1.39169e-06 2.56388e-07 0.065748 0.067998
0.069123 1.07748e-06 2.6649e-06 9.69477e-07 8.84884e-07 1.61761e-06 7.86446e-07 2.00447e-06 2.75975e-06 1.89559e-06 8.7414e-07 1.25368e-06 7.77442e-07 1.589e-06 3.62435e-06 1.43912e-06 0.067998 0.070248
0.071373 2.98809e-06 5.56957e-06 2.55744e-06 1.8136e-06 2.47728e-06 1.55131e-06 8.64119e-06 1.07965e-05 7.78045e-06 1.4372e-06 1.27774e-06 1.24347e-06 6.88954e-06 1.25927e-05 6.0562e-06 0.070248 0.072498
0.073623 6.32762e-06 1.05654e-05 4.89206e-06 2.2267e-06 5.14272e-06 1.81086e-06 2.60663e-05 2.61113e-05 2.22076e-05 6.82994e-07 8.04279e-07 5.82139e-07 2.05273e-05 3.47612e-05 1.58131e-05 0.072498 0.074748
0.075873 1.6386e-05 1.4555e-05 1.30067e-05 9.17845e-06 8.07774e-06 7.27363e-06 5.10777e-05 3.59959e-05 4.13923e-05 2.1068e-06 2.37823e-06 1.72907e-06 5.2307e-05 4.2169e-05 4.17061e-05 0.074748 0.076998
0.078123 2.24685e-05 2.03231e-05 1.73703e-05 1.37491e-05 1.2303e-05 1.04951e-05 6.44367e-05 6.26167e-05 4.98047e-05 5.8884e-06 6.37282e-06 4.62285e-06 6.41775e-05 5.71865e-05 5.01354e-05 0.076998 0.079248
0.080373 4.39515e-05 3.92339e-05 3.22376e-05 2.47855e-05 2.10766e-05 1.84136e-05 0.000136201 0.000115888 9.45393e-05 1.33842e-05 1.31457e-05 9.68739e-06 0.000120847 0.00010704 8.87047e-05 0.079248 0.081498
0.082904 6.59773e-05 5.56132e-05 4.53448e-05 3.96896e-05 3.16834e-05 2.81058e-05 0.000192506 0.000167253 0.000128225 1.84037e-05 1.6342e-05 1.28807e-05 0.000185654 0.000151303 0.000127147 0.081498 0.084311
0.085998 0.00013759 0.000101134 9.1011e-05 8.4042e-05 6.34062e-05 5.56602e-05 0.000395329 0.000264723 0.000252816 4.18504e-05 3.57297e-05 2.80767e-05 0.000378434 0.00026754 0.000251108 0.084311 0.087685
0.089373 0.000244106 0.000161085 0.000148818 0.00015946 0.000109365 9.70041e-05 0.000651526 0.00043312 0.00038191 8.60928e-05 6.82855e-05 5.30885e-05 0.000641607 0.000404785 0.000385464 0.087685 0.091061
0.092748 0.000369675 0.000246002 0.000207963 0.000260755 0.000158493 0.000151106 0.000893931 0.000608225 0.000496013 0.000139716 9.90846e-05 7.89528e-05 0.000948161 0.000608211 0.00052942 0.091061 0.094435
0.096123 0.000521797 0.000336038 0.00027468 0.000370646 0.000234841 0.000202452 0.00124932 0.000834617 0.000631581 0.000213842 0.000144919 0.000112937 0.00129649 0.000863443 0.000671762 0.094435 0.097811
0.099498 0.000735686 0.000467822 0.000360302 0.000546789 0.000321292 0.000275636 0.00164489 0.000989113 0.000742449 0.000325258 0.000210482 0.000157589 0.00176816 0.00105448 0.000848536 0.097811 0.101186
0.102873 0.00101284 0.000561594 0.000447804 0.000757967 0.000419499 0.000362894 0.0022396 0.00126793 0.000939759 0.000481904 0.000281863 0.000214663 0.00234847 0.0012854 0.0010496 0.101186 0.104560
0.106248 0.00135163 0.000693645 0.000531064 0.0010244 0.000518341 0.000438095 0.00292665 0.00152489 0.00115938 0.00067676 0.000385732 0.000272436 0.00304935 0.00150575 0.0012166 0.104560 0.107936
0.109623 0.00174787 0.000835979 0.000631408 0.00132838 0.000603727 0.000527519 0.00376696 0.0017754 0.00139849 0.000924264 0.000475428 0.000338822 0.00381973 0.00175549 0.00138059 0.107936 0.111310
0.112998 0.00208144 0.000934485 0.000697085 0.00160477 0.000654492 0.000584646 0.00437572 0.00196355 0.0015127 0.00113299 0.000576405 0.00038311 0.00446735 0.00189709 0.00150131 0.111310 0.114686
0.116373 0.00236919 0.000979666 0.000757577 0.00184444 0.000716413 0.000631011 0.00489494 0.00198556 0.00161855 0.00131862 0.000613922 0.000426578 0.00501201 0.00198686 0.00156922 0.114686 0.118060
0.119748 0.00267142 0.00106978 0.000812154 0.00209691 0.000805814 0.000680958 0.00543665 0.00223868 0.00171732 0.00150971 0.000664816 0.000471291 0.00559381 0.00206731 0.00174555 0.118060 0.121435
0.123123 0.00299068 0.00118499 0.000860158 0.00235056 0.00086972 0.000696673 0.00607174 0.00232664 0.00178954 0.00170926 0.000732285 0.000494572 0.00621422 0.00212529 0.00174305 0.121435 0.124811
0.126498 0.00338482 0.00123607 0.000933368 0.00268098 0.000999446 0.000735014 0.00677255 0.00246623 0.00181272 0.0019798 0.000860561 0.000550954 0.00691928 0.00230162 0.00186523 0.124811 0.128185
0.129873 0.00380922 0.00140817 0.000976616 0.00306514 0.00116681 0.000826456 0.00739064 0.00263051 0.00187842 0.00228337 0.00100495 0.00058491 0.00764765 0.00258765 0.00192116 0.128185 0.131561
0.133248 0.0042872 0.00156869 0.00105263 0.00346409 0.00126777 0.000919428 0.008249 0.00284937 0.00202626 0.00262434 0.00115879 0.000669179 0.0084703 0.00295758 0.00201419 0.131561 0.134935
0.137045 0.00480574 0.00166528 0.00119744 0.00391216 0.00131699 0.000996898 0.00910673 0.003304 0.00216041 0.00299316 0.00108927 0.000760668 0.00936549 0.00306221 0.00223594 0.134935 0.139154
0.141685 0.00567593 0.00185288 0.00131459 0.00467837 0.00149371 0.00124958 0.0104774 0.00371139 0.00233598 0.00360502 0.00122742 0.000892653 0.0108855 0.0031897 0.00243974 0.139154 0.144217
0.146748 0.00643712 0.00221996 0.00146425 0.00538597 0.00174716 0.00136562 0.0114965 0.00397733 0.00257385 0.00424204 0.00157505 0.00105417 0.0119591 0.00375198 0.00273118 0.144217 0.149279
0.151810 0.00725973 0.00263739 0.00176599 0.00616944 0.0021366 0.00153954 0.0125076 0.0042926 0.00277393 0.0049447 0.0019991 0.00121427 0.0130834 0.00416138 0.00299954 0.149279 0.154342
0.156873 0.00809339 0.0028218 0.00182934 0.00693669 0.00244513 0.00172807 0.0136608 0.00470848 0.0029536 0.00563291 0.00216404 0.00136101 0.014283 0.00463124 0.00321944 0.154342 0.159404
0.161935 0.00879235 0.00294642 0.00203643 0.00752103 0.00263755 0.00177776 0.0149115 0.00490561 0.00322866 0.00617674 0.00232021 0.00140109 0.0153722 0.00465141 0.00349904 0.159404 0.164467
0.166998 0.00949533 0.00321175 0.00214957 0.00817965 0.00285447 0.00197493 0.015828 0.00510726 0.00353747 0.00676048 0.0026116 0.0015382 0.0163751 0.00504114 0.00392915 0.164467 0.169529
0.172060 0.00991092 0.00349823 0.0023741 0.00857129 0.00312587 0.00197236 0.0163589 0.00503968 0.00367391 0.00709795 0.00285083 0.0016214 0.0169873 0.00535544 0.00380675 0.169529 0.174591
0.177123 0.0102457 0.00353176 0.00233553 0.00883676 0.00324897 0.00199646 0.017027 0.00528015 0.00377573 0.00727576 0.0028687 0.00162654 0.0177168 0.00548569 0.00394791 0.174591 0.179654
0.182185 0.0105698 0.00376654 0.00251769 0.00910188 0.0032034 0.0021491 0.0176353 0.00560126 0.00384019 0.00747901 0.00303661 0.00168675 0.0183451 0.00574274 0.00405092 0.179654 0.184716
0.187248 0.010946 0.00363856 0.00260781 0.00943459 0.00330942 0.00224224 0.0182207 0.00588238 0.00397692 0.00774064 0.00306091 0.00176471 0.0190094 0.0056824 0.00442779 0.184716 0.189779
0.192310 0.0112838 0.00378656 0.0025688 0.00973268 0.00327591 0.00225173 0.0187495 0.00639075 0.00412817 0.00798659 0.00290266 0.00178977 0.0195782 0.00579456 0.00455413 0.189779 0.194842
0.197373 0.0115679 0.00384024 0.00268263 0.00996041 0.00331259 0.00230895 0.0193049 0.00634629 0.00428849 0.00818112 0.00294465 0.00188059 0.0200876 0.0059098 0.00478916 0.194842 0.199904
0.202435 0.0118303 0.00397746 0.00277583 0.010207 0.00344614 0.00234153 0.0196437 0.00667069 0.00430035 0.00837668 0.00310287 0.00190626 0.0205182 0.00605929 0.00478378 0.199904 0.204967
0.207498 0.0121021 0.00409806 0.00288719 0.0104748 0.00360754 0.00236981 0.0199344 0.00666309 0.00444155 0.00857878 0.0032361 0.00192974 0.0209653 0.00633546 0.00486737 0.204967 0.210029
0.212560 0.0123592 0.00419583 0.00290268 0.0107263 0.0037313 0.00258867 0.0202185 0.00654394 0.00460562 0.00877436 0.00340383 0.00199664 0.0213772 0.00652118 0.00506763 0.210029 0.215091
0.217623 0.0125946 0.00434811 0.00292758 0.0109379 0.00378518 0.00266291 0.0205688 0.00647596 0.0048581 0.00899227 0.00334791 0.00209446 0.0216568 0.00658562 0.0051526 0.215091 0.220154
0.222685 0.0126808 0.00422645 0.00314415 0.0109616 0.00377723 0.00262065 0.020956 0.00661912 0.00495823 0.00898395 0.00327018 0.00210339 0.0219808 0.00662174 0.00531794 0.220154 0.225217
0.227748 0.0128216 0.00417689 0.0032173 0.0110665 0.00363958 0.00281376 0.0212691 0.00638379 0.00490361 0.0090618 0.00322944 0.0021662 0.0222798 0.00644391 0.00540148 0.225217 0.230279
0.232810 0.0130424 0.00391981 0.00327632 0.011275 0.00356336 0.00286814 0.0215493 0.00615554 0.00510242 0.0092033 0.00313652 0.00222623 0.0227001 0.00615897 0.00563847 0.230279 0.235342
0.237873 0.013182 0.00391273 0.00332294 0.011402 0.00342435 0.00288473 0.0217492 0.00584115 0.00517831 0.00929524 0.00294841 0.00229941 0.0229595 0.00614375 0.00591353 0.235342 0.240404
0.242935 0.0133645 0.00391133 0.00337866 0.0115831 0.0031849 0.00311166 0.0219387 0.00572999 0.0052608 0.00943707 0.0028927 0.00240708 0.0232443 0.00617411 0.00599262 0.240404 0.245467
0.247998 0.0136756 0.00377454 0.00350683 0.0118686 0.00319905 0.00314955 0.0223729 0.00582745 0.00557882 0.00967634 0.00295935 0.00246222 0.0237361 0.00624161 0.00616443 0.245467 0.250529
0.253060 0.0138683 0.00389109 0.00362147 0.0120753 0.00324659 0.00327132 0.0224983 0.00571968 0.00563903 0.00984909 0.00301521 0.00253704 0.0239791 0.00619397 0.00628019 0.250529 0.255592
0.258123 0.0140744 0.00373736 0.00374226 0.0122787 0.00331699 0.00330533 0.0227173 0.00583433 0.00564073 0.0100005 0.00303495 0.00256143 0.0243228 0.00612324 0.0064455 0.255592 0.260654
0.263185 0.0142361 0.0036298 0.00373596 0.0124234 0.00335607 0.00330276 0.0229611 0.00578286 0.00556496 0.0101476 0.00315431 0.00269499 0.0245213 0.00603014 0.00642684 0.260654 0.265716
0.268248 0.0143459 0.00372299 0.00371306 0.012539 0.00335962 0.00328727 0.0230432 0.00596997 0.00549655 0.0102741 0.00312901 0.00271406 0.0245891 0.00611694 0.00646544 0.265716 0.270779
0.273310 0.0145297 0.00392045 0.00376977 0.0127278 0.00344352 0.0033006 0.0232027 0.0060487 0.0055144 0.0104584 0.00304934 0.00270445 0.0247715 0.00605414 0.00642984 0.270779 0.275842
0.278373 0.0146756 0.0042097 0.00382596 0.0128613 0.0035469 0.00342679 0.0234081 0.00638349 0.00563044 0.0105716 0.00319968 0.0028139 0.0249997 0.00590984 0.00641426 0.275842 0.280904
0.283435 0.0149231 0.00428031 0.00389161 0.0130877 0.00366107 0.00360119 0.0237574 0.00639569 0.00589565 0.010745 0.0033277 0.00284492 0.0254335 0.00622118 0.00667347 0.280904 0.285967
0.288498 0.0150157 0.00444365 0.00398047 0.0131697 0.0038579 0.00357116 0.0239007 0.00644415 0.00602231 0.0108267 0.00327572 0.00288509 0.0255535 0.00640013 0.00686512 0.285967 0.291029
0.293560 0.0152118 0.00450716 0.00407909 0.01335 0.00372861 0.00370837 0.0241731 0.00644284 0.00618279 0.0109899 0.0034909 0.0028976 0.0258324 0.00670913 0.00701257 0.291029 0.296091
0.298623 0.0153654 0.00440154 0.00418349 0.0135074 0.00370404 0.00373378 0.0243082 0.0064 0.00625859 0.0111361 0.00340831 0.00288684 0.0260046 0.0068936 0.00706437 0.296091 0.301154
0.303685 0.0155764 0.00453178 0.00432895 0.0136808 0.00385742 0.00379987 0.0247003 0.00648963 0.00636045 0.011271 0.00359552 0.00284933 0.026407 0.00724065 0.00733959 0.301154 0.306217
0.308748 0.0157647 0.00467143 0.0044405 0.0138493 0.00403862 0.00392243 0.0249839 0.00636173 0.00654552 0.0114225 0.00380755 0.00288282 0.0266877 0.00747598 0.00772081 0.306217 0.311279
0.313810 0.0159363 0.00485328 0.00450006 0.014023 0.00394875 0.0040535 0.0251453 0.00676727 0.00658539 0.011559 0.00396107 0.00294463 0.0269479 0.00779026 0.00801812 0.311279 0.316341
0.318873 0.0160731 0.00497287 0.00453139 0.0141542 0.00416335 0.00410605 0.0253095 0.00705094 0.00651522 0.0116824 0.00387896 0.00301583 0.0271185 0.0081076 0.0082397 0.316341 0.321404
0.323935 0.0161559 0.00506869 0.00453077 0.0142437 0.00413933 0.00403368 0.0253599 0.00718316 0.00650581 0.0117597 0.00397719 0.00304661 0.0272151 0.00825489 0.00805053 0.321404 0.326466
0.328997 0.0162904 0.00512996 0.00461085 0.0143854 0.00421257 0.00399586 0.0254595 0.00726749 0.00646193 0.0118528 0.0040347 0.00307211 0.0274538 0.00850725 0.00790504 0.326466 0.331528
0.334060 0.0164336 0.00520266 0.00476553 0.0145399 0.004294 0.0040943 0.0255485 0.00736753 0.00649459 0.0119878 0.00392982 0.00314405 0.0276175 0.00831512 0.0079452 0.331528 0.336591
0.339122 0.0165217 0.00525942 0.00480431 0.0146645 0.00436134 0.00429109 0.025461 0.00743913 0.00639509 0.0121176 0.00398203 0.00321746 0.027601 0.00825472 0.00800629 0.336591 0.341653
0.344185 0.0167016 0.00531887 0.00490701 0.014865 0.00442269 0.00452264 0.0255416 0.00762965 0.00645774 0.0122717 0.00412125 0.00331042 0.0278457 0.00799346 0.00807546 0.341653 0.346716
0.349247 0.0168666 0.00535671 0.00493506 0.0150336 0.00447614 0.00456771 0.0256891 0.00785817 0.00651931 0.0124209 0.00425829 0.00344719 0.0280503 0.00782688 0.00820747 0.346716 0.351779
0.354310 0.0171684 0.00542632 0.00496778 0.0152979 0.00455267 0.00465446 0.0261713 0.00795856 0.00676442 0.0126367 0.0044138 0.00356194 0.0285682 0.00796882 0.00844108 0.351779 0.356841
0.359372 0.0172752 0.0054119 0.00500761 0.0153962 0.00455188 0.00468994 0.0263194 0.00826581 0.0068365 0.0127125 0.00441941 0.00358635 0.0287533 0.00809909 0.00863858 0.356841 0.361903
0.364435 0.0174728 0.00545527 0.00511324 0.0155837 0.0045599 0.0047794 0.0265657 0.00852663 0.00688794 0.0128487 0.00443572 0.0036554 0.0291052 0.00801582 0.00881263 0.361903 0.366966
0.369497 0.0176386 0.00559646 0.0051945 0.0157581 0.00458294 0.00486299 0.0266902 0.0084763 0.00684839 0.012985 0.00444223 0.00373377 0.0293453 0.00797617 0.00907797 0.366966 0.372028
0.374560 0.0178196 0.00563537 0.00532533 0.0158909 0.00459606 0.00488689 0.0271027 0.0083733 0.00722308 0.0131064 0.0044256 0.00380623 0.0296762 0.00804379 0.00920872 0.372028 0.377091
0.379622 0.0179286 0.00549764 0.00542355 0.0160592 0.00457588 0.00498006 0.0269264 0.00850041 0.00722319 0.0132265 0.00447035 0.0038522 0.0297571 0.00829905 0.00924993 0.377091 0.382154
0.384685 0.0181431 0.0055378 0.00556592 0.016277 0.00456369 0.00509435 0.0271248 0.00850723 0.0074601 0.0134311 0.00443782 0.00393748 0.0299966 0.00836512 0.00927102 0.382154 0.387216
0.389747 0.0183444 0.00550616 0.00571042 0.0164972 0.0048038 0.00524788 0.0272354 0.0084103 0.00756068 0.0136053 0.00440172 0.00404529 0.0302661 0.00799972 0.00945399 0.387216 0.392278
0.394810 0.0185567 0.00569658 0.00581256 0.0167327 0.00474492 0.00542608 0.0273358 0.00865258 0.00760725 0.01379 0.00438636 0.0041134 0.0305478 0.0079579 0.00960713 0.392278 0.397341
0.399872 0.0187608 0.00570465 0.00596944 0.0169381 0.00463616 0.00550363 0.0275339 0.00882109 0.00782692 0.013944 0.00458581 0.00416096 0.0308778 0.00797678 0.0097988 0.397341 0.402404
0.404935 0.0189756 0.00567612 0.00608883 0.017155 0.00481298 0.00560819 0.0277387 0.00891423 0.00783238 0.0141244 0.00461338 0.00424053 0.0311793 0.00798253 0.0099391 0.402404 0.407466
0.409997 0.0191916 0.00564171 0.00621319 0.0173634 0.00489647 0.00574195 0.0279913 0.00829358 0.00759359 0.0142634 0.00448326 0.00436642 0.0315891 0.00803004 0.00988386 0.407466 0.412529
0.415060 0.0194085 0.00561455 0.00626577 0.0175782 0.00476198 0.00587181 0.0282183 0.00818391 0.00759266 0.0144454 0.00459353 0.00449729 0.0318939 0.00793166 0.00995563 0.412529 0.417591
0.420122 0.0196083 0.00556659 0.00630594 0.0178087 0.00463844 0.00600397 0.0282701 0.00834357 0.00768197 0.014668 0.00458362 0.00468785 0.0320362 0.00809367 0.0100134 0.417591 0.422653
0.425185 0.0199628 0.00560619 0.00646848 0.0181957 0.0046959 0.00618198 0.028468 0.00870838 0.00782428 0.0149908 0.00465932 0.00475313 0.0324703 0.00831658 0.0101257 0.422653 0.427716
0.430247 0.0202452 0.00557674 0.00660845 0.0184794 0.00468967 0.00628999 0.0287445 0.00902846 0.00785171 0.015215 0.00464752 0.00489051 0.0328994 0.00860246 0.0102772 0.427716 0.432779
0.435310 0.0204495 0.00559556 0.00663788 0.0186855 0.00482676 0.00634466 0.0289396 0.00939037 0.00777044 0.0153962 0.0046137 0.00500742 0.0331615 0.00870224 0.0105448 0.432779 0.437841
0.440372 0.0207053 0.00566689 0.00671336 0.0189503 0.00488799 0.00646491 0.0291522 0.00995131 0.00788945 0.0156117 0.00458331 0.00513547 0.0335187 0.00878505 0.0106863 0.437841 0.442903
0.445435 0.020996 0.00572525 0.0068127 0.0192016 0.00484216 0.00660863 0.029633 0.0101977 0.00803619 0.0158082 0.00456543 0.00525639 0.0340465 0.00918797 0.010998 0.442903 0.447966
0.450497 0.021151 0.00580454 0.00692639 0.0194078 0.00490845 0.0066366 0.0295418 0.0105148 0.00804811 0.015978 0.00452716 0.00531557 0.0341645 0.00980869 0.0109452 0.447966 0.453029
0.455560 0.0214302 0.00589425 0.0069959 0.0197373 0.0048919 0.00680932 0.0295783 0.0107981 0.00805531 0.0162651 0.00455029 0.00543779 0.0344237 0.0100601 0.0108824 0.453029 0.458091
0.460622 0.0217167 0.00590324 0.00703212 0.0200507 0.00475223 0.00686508 0.0297355 0.0111644 0.00810172 0.0165183 0.00468504 0.00551327 0.0347936 0.0103082 0.0109126 0.458091 0.463154
0.465685 0.0219742 0.00594833 0.00708566 0.0203243 0.00481731 0.00692411 0.0299155 0.0114526 0.00816121 0.0167544 0.00469627 0.00555782 0.0351052 0.0106268 0.011035 0.463154 0.468216
0.470747 0.0222502 0.00599051 0.00714673 0.0205989 0.00507763 0.00693457 0.0301986 0.0116957 0.00825465 0.0169881 0.00467338 0.00563978 0.0354879 0.0109819 0.011141 0.468216 0.473278
0.475810 0.0225144 0.00620191 0.00715008 0.0208668 0.00507102 0.00701239 0.0304444 0.01197 0.00821777 0.0172234 0.00464187 0.00578247 0.0358243 0.0110909 0.0112182 0.473278 0.478341
0.480872 0.0228174 0.00639631 0.00724612 0.0211671 0.00509975 0.00715389 0.0307606 0.0123455 0.00820161 0.0174897 0.00463379 0.00578341 0.0362197 0.0115529 0.0112362 0.478341 0.483404
0.485935 0.0231245 0.0064975 0.00737569 0.0215105 0.00514202 0.00728781 0.0308929 0.0125464 0.00811954 0.0177833 0.00463101 0.005858 0.0365608 0.0113943 0.0112243 0.483404 0.488466
0.490997 0.0233866 0.00674834 0.00746897 0.0218121 0.00504658 0.00736696 0.0309647 0.0129852 0.00808541 0.0180275 0.00460572 0.00588147 0.0368678 0.011302 0.0111811 0.488466 0.493528
0.496060 0.0237075 0.0067766 0.00757343 0.0221488 0.00530781 0.00745618 0.0312103 0.0132936 0.00815373 0.0183039 0.00459873 0.00595487 0.0373011 0.0113875 0.0112287 0.493528 0.498591
0.501122 0.0240322 0.00705026 0.00762735 0.0224736 0.00558132 0.00754401 0.0315341 0.013623 0.00834632 0.0185694 0.00459351 0.00598513 0.0377746 0.0115206 0.0113151 0.498591 0.503654
0.506185 0.0243645 0.00731585 0.007723 0.0228353 0.00564218 0.00764259 0.0317249 0.0138013 0.00811864 0.0188738 0.00466049 0.00608915 0.0381768 0.0114835 0.0113125 0.503654 0.508716
0.511247 0.024662 0.00737788 0.0078151 0.0231326 0.00573802 0.00764749 0.032023 0.0140285 0.00817403 0.0191269 0.00470064 0.0061487 0.038586 0.0116387 0.0113224 0.508716 0.513778
0.516310 0.0249998 0.00733831 0.00781428 0.0234879 0.00598494 0.00775229 0.0322768 0.0140307 0.00832861 0.0194102 0.00494431 0.00620017 0.0390612 0.0117567 0.0114971 0.513778 0.518841
0.521372 0.0254537 0.00726886 0.00789217 0.0239598 0.00602448 0.00791065 0.0326445 0.0137834 0.00808623 0.0198172 0.00510358 0.00635673 0.0396331 0.0123698 0.0116646 0.518841 0.523903
0.526435 0.0257721 0.00731792 0.00815509 0.0243044 0.00618236 0.00807451 0.0328366 0.013596 0.00811479 0.0201032 0.00519399 0.00656927 0.040033 0.0129261 0.0117266 0.523903 0.528966
0.531497 0.0260774 0.00739653 0.00815028 0.0246282 0.006319 0.00825701 0.0330526 0.0135048 0.00810544 0.0203743 0.00527173 0.00662879 0.0404242 0.0131369 0.0118899 0.528966 0.534029
0.536560 0.0264344 0.00766681 0.00814283 0.0250048 0.00648157 0.00830849 0.0333156 0.0134451 0.00820673 0.0206869 0.00553237 0.0067394 0.0408929 0.0132265 0.0120925 0.534029 0.539091
0.541622 0.0267842 0.0079289 0.00822189 0.0253846 0.00663599 0.00839552 0.033521 0.0133126 0.00817429 0.0209925 0.0057194 0.00679414 0.0413541 0.0132778 0.0122573 0.539091 0.544153
0.546685 0.0269186 0.00809041 0.00834531 0.0255463 0.00671773 0.00845023 0.0335241 0.013331 0.00829176 0.0211129 0.00561271 0.00675371 0.0415237 0.013281 0.0124264 0.544153 0.549216
0.551747 0.0272327 0.00811391 0.00835942 0.0258966 0.00687472 0.00855741 0.0336634 0.0136813 0.00845666 0.0213977 0.00574395 0.00682474 0.0419112 0.0131738 0.0126068 0.549216 0.554278
0.556810 0.0275679 0.00813338 0.00839688 0.0262512 0.00703911 0.00861028 0.0339053 0.0139403 0.00839589 0.0216722 0.00588137 0.00690803 0.042399 0.0134804 0.0127539 0.554278 0.559341
0.561872 0.0278476 0.0076966 0.00836939 0.0265475 0.00713055 0.00859872 0.0341053 0.0142327 0.0083271 0.0219282 0.00588185 0.0069521 0.0427383 0.0138601 0.0126367 0.559341 0.564404
0.566935 0.028198 0.00759125 0.0083986 0.0269246 0.00716436 0.00876557 0.0343274 0.0145455 0.00836503 0.0222617 0.00587105 0.00703594 0.0431314 0.014167 0.0127929 0.564404 0.569466
0.571997 0.0287356 0.00740682 0.00859676 0.0274809 0.00632627 0.00895048 0.0347746 0.0147189 0.00835568 0.0227402 0.00590857 0.00718965 0.0438177 0.0144042 0.0128966 0.569466 0.574528
0.577060 0.0290996 0.00754555 0.00864444 0.0278977 0.00584543 0.00912372 0.0348844 0.0149211 0.00821763 0.0230667 0.00555619 0.007361 0.0442759 0.0144878 0.0128918 0.574528 0.579592
0.582123 0.0294458 0.00744369 0.00877669 0.0282669 0.00547709 0.00931087 0.0351199 0.0156044 0.00818256 0.0233619 0.00561685 0.00745376 0.0447505 0.0147832 0.0128744 0.579592 0.584654
0.587185 0.0297715 0.00736565 0.00895567 0.0286212 0.00567169 0.00942715 0.0353083 0.0157679 0.00827411 0.0236295 0.00583191 0.00751032 0.0452224 0.0151094 0.0130452 0.584654 0.589717
0.592248 0.0301049 0.0073304 0.00911593 0.0289926 0.00557055 0.00953305 0.0354586 0.0161826 0.00812287 0.0239021 0.00604463 0.00756486 0.0457087 0.0152974 0.0133292 0.589717 0.594779
0.597310 0.0303796 0.00746679 0.00927471 0.0293091 0.00552342 0.0096084 0.0355325 0.0164492 0.00828887 0.0241721 0.00625715 0.00763603 0.0459953 0.0157308 0.0135888 0.594779 0.599841
0.602373 0.0307232 0.00783309 0.00941929 0.0297255 0.00573852 0.00974448 0.0355251 0.0169315 0.00800312 0.0244961 0.00648226 0.00772842 0.0463881 0.0159229 0.0135829 0.599841 0.604904
0.607435 0.0309666 0.00813216 0.00950958 0.0300353 0.00604771 0.0099371 0.0354494 0.0174624 0.00788181 0.0247391 0.00667566 0.00781103 0.0466325 0.0161422 0.0133723 0.604904 0.609967
0.612498 0.0312853 0.00821088 0.00960841 0.0303977 0.00640232 0.0101532 0.0355577 0.0176849 0.00788988 0.0250317 0.00688711 0.00787746 0.0470169 0.0165774 0.0133421 0.609967 0.615029
0.617560 0.0315299 0.00817385 0.00968637 0.0306756 0.00674686 0.010322 0.0356415 0.0185058 0.00771582 0.0252607 0.00696795 0.00802923 0.0473007 0.0167299 0.0134754 0.615029 0.620092
0.622623 0.0315638 0.0084368 0.00949984 0.0306717 0.00748307 0.0100303 0.0358573 0.0183722 0.00782397 0.0252319 0.00726407 0.00778615 0.0474922 0.017325 0.0131118 0.620092 0.625154
0.627685 0.031533 0.00893119 0.00928262 0.0306009 0.00783405 0.00966 0.0360194 0.0185451 0.00798896 0.0251685 0.00770149 0.00744718 0.0475436 0.0174583 0.0128597 0.625154 0.630216
0.632748 0.0315722 0.00940705 0.00896253 0.0305929 0.00796437 0.00938516 0.0362856 0.0189618 0.00792735 0.0251298 0.00806086 0.00725605 0.0477787 0.0177924 0.0126332 0.630216 0.635279
0.637810 0.0315914 0.0098504 0.00879024 0.0305441 0.00852371 0.00906181 0.0366318 0.0194739 0.00795309 0.0250528 0.00814465 0.00702889 0.0480398 0.018025 0.0123604 0.635279 0.640342
0.642873 0.0316102 0.00981375 0.00860631 0.0304926 0.00877138 0.00907493 0.0369894 0.0193667 0.00786766 0.0249444 0.00824069 0.00684085 0.0483788 0.0182463 0.0122161 0.640342 0.645404
0.647935 0.0316593 0.00984548 0.00844919 0.0304697 0.00930928 0.00872131 0.0373848 0.0193083 0.00801558 0.0249023 0.00864442 0.00675669 0.0486572 0.0185077 0.0122298 0.645404 0.650466
0.652998 0.031564 0.00991343 0.00812163 0.0303391 0.00871293 0.0083545 0.0374595 0.0192695 0.00793991 0.0247579 0.00821528 0.00670747 0.0486854 0.018524 0.0119881 0.650466 0.655529
0.658060 0.0316772 0.0105103 0.00798147 0.030376 0.00926822 0.00823696 0.0379402 0.0199157 0.00820348 0.0247506 0.00804275 0.00663192 0.0491018 0.0186118 0.0119779 0.655529 0.660591
0.663123 0.0316851 0.0108398 0.00770083 0.0303408 0.00982556 0.00799129 0.0381556 0.0199875 0.00845152 0.0246875 0.00812483 0.00644686 0.0492882 0.0187392 0.0118907 0.660591 0.665654
0.668185 0.0317903 0.011165 0.0075962 0.0303867 0.0103309 0.00798333 0.038546 0.019938 0.00842104 0.0246877 0.00830814 0.00627604 0.0496576 0.018618 0.0119711 0.665654 0.670717
0.673248 0.0317889 0.0112745 0.00753698 0.0303833 0.0107045 0.00794333 0.0385547 0.0198036 0.00850914 0.024654 0.00871664 0.00612197 0.0497376 0.0185508 0.0117766 0.670717 0.675779
0.678310 0.0318592 0.0116157 0.00756033 0.03039 0.0110715 0.00788789 0.0389308 0.0199132 0.00892062 0.0246206 0.00897107 0.00594447 0.0500689 0.0189241 0.0115839 0.675779 0.680841
0.684006 0.0319398 0.0114205 0.00742995 0.0304313 0.011588 0.00782611 0.0392006 0.0202554 0.00922947 0.0246416 0.00913039 0.00579349 0.0502994 0.0188908 0.0115288 0.680841 0.687170
0.690967 0.0321695 0.0115226 0.00721825 0.0305521 0.0122787 0.00782103 0.039954 0.0211225 0.00940997 0.024703 0.00956686 0.00556174 0.0509522 0.01895 0.0115526 0.687170 0.694764
0.698560 0.0323068 0.0117584 0.00699097 0.0305989 0.012753 0.00769591 0.0405275 0.0216754 0.00977218 0.0247257 0.00994591 0.00562923 0.0513781 0.0186504 0.0115381 0.694764 0.702357
0.706154 0.0324465 0.0119778 0.00678041 0.0306693 0.0127099 0.00777902 0.0410003 0.0209093 0.00994197 0.0247109 0.0101754 0.00590567 0.0519062 0.0180714 0.0116076 0.702357 0.709951
0.713748 0.0325553 0.0118792 0.00651424 0.0307286 0.0128564 0.00750865 0.0413474 0.0205383 0.010547 0.0247248 0.0107111 0.00598706 0.0522537 0.0180985 0.0115791 0.709951 0.717545
0.721342 0.0327418 0.0120792 0.00641236 0.0308635 0.0126369 0.00714962 0.0417824 0.0198627 0.0112232 0.0247729 0.0106277 0.00583978 0.0527884 0.0174464 0.0116108 0.717545 0.725139
0.728935 0.0329299 0.0122193 0.00625515 0.0309867 0.012632 0.00699595 0.042283 0.0196492 0.0119665 0.0248474 0.0103271 0.00557785 0.0532626 0.0169038 0.011543 0.725139 0.732732
0.736529 0.0331726 0.0124431 0.00627141 0.03119 0.013116 0.00693817 0.0427149 0.0190644 0.0123529 0.0249334 0.0105125 0.00545879 0.0538991 0.0163112 0.0115432 0.732732 0.740326
0.744123 0.0333254 0.0124224 0.0062222 0.0313106 0.0134521 0.00670934 0.043023 0.0178718 0.0127584 0.0250107 0.010572 0.00519878 0.0542419 0.0157267 0.0123331 0.740326 0.747920
0.751717 0.0335086 0.0123466 0.00622933 0.0314854 0.0134845 0.00645391 0.043247 0.0170787 0.0134172 0.0250867 0.0109076 0.00491845 0.054695 0.0158394 0.0126961 0.747920 0.755513
0.759310 0.0337418 0.0123698 0.00630515 0.0316683 0.0138237 0.00623138 0.0437219 0.0167992 0.0134696 0.0251662 0.0112156 0.00492457 0.0553147 0.0159762 0.0131615 0.755513 0.763107
0.766904 0.0339599 0.0123914 0.00641906 0.0318829 0.0142823 0.00604688 0.0439573 0.0159662 0.013882 0.0252935 0.011568 0.00499128 0.0557613 0.0157056 0.0138328 0.763107 0.770701
0.774498 0.0341932 0.0124979 0.00657951 0.0320318 0.014129 0.005923 0.0445966 0.0145543 0.0151999 0.0253518 0.0117412 0.00496951 0.0564347 0.015685 0.0144978 0.770701 0.778295
0.782092 0.0343674 0.0126115 0.00678884 0.0322438 0.0144068 0.00601185 0.0445889 0.0133706 0.0155951 0.0254812 0.0119609 0.00502627 0.0567219 0.0154412 0.0149437 0.778295 0.785888
0.789685 0.0346773 0.0127051 0.0070228 0.032516 0.0143572 0.0061469 0.04508 0.0135661 0.016605 0.0256529 0.01211 0.00492071 0.0573792 0.0162052 0.0149425 0.785888 0.793482
0.797279 0.0348921 0.013019 0.0070303 0.0327855 0.0143489 0.00628969 0.045032 0.0128117 0.0171138 0.0258049 0.0122974 0.00466291 0.0577522 0.0156652 0.0153706 0.793482 0.801076
0.804873 0.0349925 0.0133537 0.00723762 0.0331309 0.0146827 0.00657086 0.0439529 0.012723 0.0164934 0.0260357 0.012382 0.00459806 0.0575244 0.0161035 0.0146709 0.801076 0.808670
0.812467 0.0350106 0.0136508 0.00740599 0.0333738 0.0146382 0.00657664 0.0428886 0.012353 0.0159081 0.0262706 0.0125887 0.00460718 0.056997 0.0164721 0.0144794 0.808670 0.816263
0.820060 0.0350575 0.0140838 0.00741895 0.0336786 0.0148494 0.00668587 0.0416947 0.0118027 0.0149187 0.0264793 0.012671 0.00452688 0.056637 0.0174408 0.0145115 0.816263 0.823857
0.827654 0.035117 0.0144667 0.00723422 0.0340763 0.0150566 0.00678752 0.0401262 0.0118133 0.0142023 0.0266715 0.0127534 0.00481994 0.0563627 0.0174097 0.0144352 0.823857 0.831451
0.835248 0.0350746 0.0145816 0.00722402 0.034387 0.0152941 0.00700062 0.0383842 0.0123088 0.0140277 0.0268377 0.0128086 0.00515083 0.0557953 0.0171526 0.0141723 0.831451 0.839045
0.842842 0.0350981 0.0144105 0.00724253 0.0347048 0.0151543 0.00711525 0.0369907 0.0124645 0.013363 0.0270329 0.0131265 0.00517583 0.0553867 0.0169355 0.0139988 0.839045 0.846639
0.850435 0.0351002 0.0143587 0.00719627 0.0350734 0.0153336 0.00710255 0.0352291 0.0122704 0.0127289 0.0272025 0.0133752 0.00520635 0.0549678 0.016701 0.0138855 0.846639 0.854232
0.858029 0.0350268 0.0142166 0.00706491 0.0353611 0.0152009 0.00711234 0.0334181 0.0113643 0.0122415 0.0273491 0.0134193 0.00520335 0.0543411 0.0164582 0.0139661 0.854232 0.861826
0.865623 0.0349897 0.0140875 0.00692207 0.0356703 0.0155916 0.00708397 0.0317138 0.0109518 0.011668 0.0275247 0.0134715 0.00522253 0.0537689 0.0164899 0.0138565 0.861826 0.869420
0.873217 0.0349329 0.0146121 0.00698719 0.0359639 0.0157201 0.00706307 0.0299704 0.0104805 0.0113476 0.0276779 0.0137703 0.00538072 0.0531836 0.0161183 0.0134489 0.869420 0.877014
0.880810 0.0348345 0.0147447 0.00691133 0.0362575 0.0159279 0.00701155 0.027985 0.0100411 0.010612 0.0278245 0.0140087 0.00545746 0.0524688 0.016225 0.0130134 0.877014 0.884607
0.888404 0.0347519 0.0146294 0.00703561 0.0365318 0.0162218 0.00711046 0.0261847 0.00983583 0.00992337 0.0279676 0.0142486 0.00545314 0.0518186 0.0159028 0.0130895 0.884607 0.892201
0.895998 0.0346538 0.0150516 0.0071993 0.036802 0.0162512 0.00722907 0.0243143 0.00915212 0.00929068 0.0281147 0.0141407 0.00577863 0.0511037 0.0160588 0.0128477 0.892201 0.899795
0.903592 0.0345779 0.0154762 0.00730776 0.0370807 0.0164428 0.00743444 0.022531 0.00843539 0.00853449 0.028206 0.0140028 0.00573469 0.0506071 0.0161212 0.0126729 0.899795 0.907389
0.911185 0.0344431 0.0154569 0.00730934 0.0373331 0.0166464 0.00757245 0.0205331 0.00774209 0.00773319 0.0283305 0.0139312 0.00555274 0.0498202 0.016517 0.0129362 0.907389 0.914982
0.918779 0.0343055 0.0150828 0.00719933 0.0376441 0.0166289 0.00767421 0.0182363 0.0068111 0.00688994 0.0284447 0.0144736 0.00553624 0.049049 0.0167148 0.0129344 0.914982 0.922576
0.926373 0.0340955 0.0147268 0.00719627 0.0379361 0.0173142 0.00787075 0.0156101 0.00601305 0.00600414 0.0285093 0.0148937 0.00564102 0.0481484 0.017193 0.0126787 0.922576 0.930170
0.933967 0.0339297 0.0144974 0.00712182 0.0384195 0.0177731 0.00792862 0.0123191 0.00499275 0.0048634 0.0286054 0.0155283 0.00553073 0.0473236 0.0167514 0.0123788 0.930170 0.937763
0.941560 0.033732 0.0148461 0.00701801 0.0390503 0.0179968 0.00806047 0.00813353 0.00343039 0.00350885 0.0287125 0.0161196 0.00537002 0.046359 0.0164426 0.0123395 0.937763 0.945357
0.949154 0.0336118 0.0150474 0.0071166 0.0404945 0.0187335 0.00846058 0.000483918 0.000166511 0.000107496 0.0288187 0.016468 0.00520424 0.0456692 0.016025 0.0122209 0.945357 0.952951
0.956748 0 0 0 0 0 0 0 0 0 0 0 0 0 0 0 0.952951 0.960545
0.964342 0 0 0 0 0 0 0 0 0 0 0 0 0 0 0 0.960545 0.968138
0.971935 0 0 0 0 0 0 0 0 0 0 0 0 0 0 0 0.968138 0.975732
0.979529 0 0 0 0 0 0 0 0 0 0 0 0 0 0 0 0.975732 0.983326
0.987123 0 0 0 0 0 0 0 0 0 0 0 0 0 0 0 0.983326 0.990920
0.994717 0 0 0 0 0 0 0 0 0 0 0 0 0 0 0 0.990920 0.998514
1.000412 0 0 0 0 0 0 0 0 0 0 0 0 0 0 0 0.998514 1.002310
