#Peak halo mass range: 9.875 < log10(Mh/Msun) < 10.125
#Quenched threshold: True SFR / True SM < 1e-11 / yr
#True SFHs in units of Msun/yr.
#See documentation for explanation of true vs. observed SFRs and SMs.
#Bestfit halos in bin: 3.1413e+06
#Bestfit SF halos in bin: 2.83988e+06
#Bestfit Q halos in bin: 301422
#Bestfit central halos in bin: 2.63879e+06
#Bestfit satellite halos in bin: 502516
#Avg_scale_factor <SFH_all> Err+ Err- <SFH_SF> Err+ Err- <SFH_Q> Err+ Err- <SFH_Cen> Err+ Err- <SFH_Sat> Err+ Err- Scale_factor_begin Scale_factor_end
0.028936 0 0 0 0 0 0 0 0 0 0 0 0 0 0 0 0.000000 0.057873
0.059561 0 0 0 0 0 0 0 0 0 0 0 0 0 0 0 0.057873 0.061248
0.062373 0 0 0 0 0 0 0 0 0 0 0 0 0 0 0 0.061248 0.063498
0.064623 0 0 0 0 0 0 0 0 0 0 0 0 0 0 0 0.063498 0.065748
0.066873 0 0 0 0 0 0 0 0 0 0 0 0 0 0 0 0.065748 0.067998
0.069123 4.55318e-09 7.823e-09 4.55318e-09 0 0 0 4.74515e-08 5.69115e-08 4.74515e-08 0 0 0 2.84626e-08 4.89083e-08 2.84626e-08 0.067998 0.070248
0.071373 2.64777e-08 3.11397e-08 2.64777e-08 0 0 0 2.75941e-07 3.06468e-07 2.75941e-07 0 0 0 1.65516e-07 1.94645e-07 1.65516e-07 0.070248 0.072498
0.073623 7.40052e-08 6.97604e-08 7.40052e-08 0 0 0 7.71253e-07 7.93324e-07 7.71253e-07 0 0 0 4.62617e-07 4.3603e-07 4.62617e-07 0.072498 0.074748
0.075873 1.5764e-07 1.19392e-07 1.5764e-07 0 0 0 1.64286e-06 1.57768e-06 1.64286e-06 0 0 0 9.85431e-07 7.46235e-07 9.85431e-07 0.074748 0.076998
0.078123 2.86204e-07 1.99826e-07 2.71081e-07 0 0 0 2.98271e-06 2.56619e-06 2.83221e-06 0 0 0 1.7891e-06 1.24896e-06 1.69458e-06 0.076998 0.079248
0.080373 2.11789e-07 1.50523e-07 1.8019e-07 3.05279e-09 7.94535e-09 2.64944e-09 2.17842e-06 2.07062e-06 1.89018e-06 0 0 0 1.32392e-06 9.40699e-07 1.12641e-06 0.079248 0.081498
0.082904 2.47733e-07 1.88079e-07 1.85031e-07 2.83482e-08 3.25247e-08 2.20339e-08 2.31469e-06 2.5226e-06 1.77461e-06 4.80074e-10 1.43526e-09 4.23674e-10 1.54609e-06 1.16967e-06 1.15445e-06 0.081498 0.084311
0.085998 2.74622e-07 2.07906e-07 1.84896e-07 4.10062e-08 6.17957e-08 2.83217e-08 2.47566e-06 2.47548e-06 1.82089e-06 4.22328e-09 9.16754e-09 3.42229e-09 1.69453e-06 1.24075e-06 1.13774e-06 0.084311 0.087685
0.089373 4.30681e-07 3.18656e-07 2.73431e-07 1.12906e-07 1.54635e-07 6.97786e-08 3.42464e-06 2.93446e-06 2.42622e-06 6.80432e-08 6.39123e-08 4.77621e-08 2.33495e-06 1.72081e-06 1.48282e-06 0.087685 0.091061
0.092748 5.94554e-07 4.07471e-07 3.57917e-07 3.00788e-07 2.53222e-07 1.8068e-07 3.3623e-06 2.95336e-06 2.34984e-06 1.26398e-07 1.30688e-07 8.27611e-08 3.05291e-06 1.86154e-06 1.80963e-06 0.091061 0.094435
0.096123 7.54962e-07 5.09866e-07 4.40978e-07 3.56187e-07 2.96761e-07 2.12069e-07 4.51206e-06 3.83119e-06 3.11189e-06 2.42407e-07 2.25896e-07 1.37428e-07 3.44647e-06 1.84989e-06 2.12907e-06 0.094435 0.097811
0.099498 1.27139e-06 7.12738e-07 6.77901e-07 7.32041e-07 4.04354e-07 4.23012e-07 6.35295e-06 5.18415e-06 3.95661e-06 4.1677e-07 3.4721e-07 2.19423e-07 5.75914e-06 3.06355e-06 3.2612e-06 0.097811 0.101186
0.102873 1.67425e-06 9.06731e-07 7.95057e-07 1.12987e-06 6.33873e-07 6.0345e-07 6.80327e-06 4.86718e-06 3.73159e-06 6.91182e-07 5.37964e-07 3.35782e-07 6.83651e-06 3.29481e-06 3.48194e-06 0.101186 0.104560
0.106248 2.03185e-06 1.22769e-06 8.56478e-07 1.44059e-06 8.1383e-07 6.93903e-07 7.60248e-06 5.67082e-06 3.86679e-06 9.05647e-07 6.58896e-07 4.07015e-07 7.94573e-06 3.9289e-06 3.52217e-06 0.104560 0.107936
0.109623 2.84244e-06 1.47304e-06 1.15531e-06 1.89062e-06 9.8132e-07 8.27584e-07 1.18101e-05 7.55678e-06 6.11166e-06 1.2217e-06 8.01782e-07 5.22893e-07 1.13532e-05 5.55771e-06 4.70391e-06 0.107936 0.111310
0.112998 3.54695e-06 1.78877e-06 1.37764e-06 2.52192e-06 1.20279e-06 1.05257e-06 1.32044e-05 9.43384e-06 6.16765e-06 1.64925e-06 9.85799e-07 6.49558e-07 1.35121e-05 6.16369e-06 5.12663e-06 0.111310 0.114686
0.116373 4.41415e-06 2.21009e-06 1.6582e-06 3.33634e-06 1.42867e-06 1.31254e-06 1.45689e-05 1.04269e-05 5.87987e-06 2.16013e-06 1.24874e-06 7.84909e-07 1.62504e-05 7.56488e-06 5.90978e-06 0.114686 0.118060
0.119748 5.57751e-06 2.73119e-06 1.9626e-06 4.30925e-06 1.7307e-06 1.57693e-06 1.75266e-05 1.26156e-05 6.7496e-06 2.78852e-06 1.50668e-06 9.87997e-07 2.02229e-05 9.27177e-06 6.7767e-06 0.118060 0.121435
0.123123 6.97269e-06 3.28436e-06 2.35435e-06 5.47268e-06 2.52301e-06 1.90093e-06 2.11053e-05 1.39435e-05 7.68477e-06 3.65829e-06 1.89529e-06 1.22034e-06 2.43771e-05 1.07612e-05 8.2222e-06 0.121435 0.124811
0.126498 8.68413e-06 4.22159e-06 2.83382e-06 6.99833e-06 3.32708e-06 2.45535e-06 2.45671e-05 1.75414e-05 8.2162e-06 4.53574e-06 2.33287e-06 1.43268e-06 3.0468e-05 1.31712e-05 9.89626e-06 0.124811 0.128185
0.129873 1.09684e-05 5.52962e-06 3.39955e-06 9.06177e-06 4.16582e-06 2.82844e-06 2.89323e-05 2.15063e-05 9.36313e-06 5.8879e-06 2.98381e-06 1.71606e-06 3.76471e-05 1.67137e-05 1.15221e-05 0.128185 0.131561
0.133248 1.40369e-05 6.94284e-06 3.9837e-06 1.14441e-05 5.34015e-06 3.40495e-06 3.84652e-05 2.70394e-05 1.28352e-05 7.67847e-06 4.0267e-06 2.14565e-06 4.7426e-05 2.05522e-05 1.33144e-05 0.131561 0.134935
0.137045 1.74618e-05 7.75498e-06 4.94031e-06 1.40911e-05 6.4125e-06 4.14963e-06 4.92191e-05 3.2417e-05 1.64032e-05 9.69906e-06 5.06679e-06 2.60594e-06 5.8225e-05 2.35753e-05 1.66601e-05 0.134935 0.139154
0.141685 2.31323e-05 1.05628e-05 6.18275e-06 1.90589e-05 8.23102e-06 5.44623e-06 6.15097e-05 4.18311e-05 1.87517e-05 1.32054e-05 6.98489e-06 3.29144e-06 7.52595e-05 3.11106e-05 2.15766e-05 0.139154 0.144217
0.146748 3.03558e-05 1.35057e-05 7.92735e-06 2.55097e-05 1.02174e-05 7.3299e-06 7.6014e-05 5.82383e-05 1.97405e-05 1.81045e-05 8.77312e-06 4.52636e-06 9.46896e-05 3.75773e-05 2.55793e-05 0.144217 0.149279
0.151810 3.97781e-05 1.74096e-05 1.11974e-05 3.35397e-05 1.36282e-05 9.70531e-06 9.85542e-05 7.28132e-05 2.68106e-05 2.37332e-05 1.10859e-05 6.51103e-06 0.000124033 5.11826e-05 3.23246e-05 0.149279 0.154342
0.156873 5.13971e-05 2.30332e-05 1.38326e-05 4.34067e-05 1.76841e-05 1.28536e-05 0.00012668 9.14105e-05 3.39074e-05 3.14492e-05 1.49006e-05 8.79648e-06 0.000156147 6.74731e-05 4.0762e-05 0.154342 0.159404
0.161935 6.56728e-05 3.06286e-05 1.65615e-05 5.54503e-05 2.29836e-05 1.57857e-05 0.000161985 0.000119866 4.37621e-05 4.09774e-05 2.02432e-05 1.05911e-05 0.000195352 8.62582e-05 4.87033e-05 0.159404 0.164467
0.166998 8.36307e-05 4.00838e-05 2.14373e-05 7.10368e-05 3.05312e-05 2.05568e-05 0.000202286 0.000142976 5.09178e-05 5.28737e-05 2.60619e-05 1.31906e-05 0.000245141 0.000110456 6.30935e-05 0.164467 0.169529
0.172060 9.9651e-05 4.99651e-05 2.44294e-05 8.48284e-05 3.91483e-05 2.43716e-05 0.000239303 0.000173534 6.17591e-05 6.35276e-05 3.30035e-05 1.55757e-05 0.00028934 0.00013659 7.18341e-05 0.169529 0.174591
0.177123 0.00011414 5.94175e-05 2.75014e-05 9.74697e-05 4.67073e-05 2.71312e-05 0.000271203 0.000190394 7.43979e-05 7.2928e-05 4.05423e-05 1.82121e-05 0.000330551 0.000159651 8.11676e-05 0.174591 0.179654
0.182185 0.000126038 6.6718e-05 3.10396e-05 0.000109128 5.58778e-05 3.06503e-05 0.000285356 0.000207033 7.57067e-05 8.19914e-05 4.63897e-05 2.03225e-05 0.000357335 0.000185975 8.75993e-05 0.179654 0.184716
0.187248 0.000141007 7.47632e-05 3.46344e-05 0.000122953 6.31435e-05 3.23878e-05 0.000311102 0.000221507 8.32907e-05 9.23149e-05 5.07325e-05 2.28437e-05 0.000396695 0.000204518 9.82568e-05 0.184716 0.189779
0.192310 0.000157305 8.2762e-05 3.84747e-05 0.000137883 6.98819e-05 3.75077e-05 0.000340288 0.000244746 9.0477e-05 0.000104635 5.79896e-05 2.66917e-05 0.000433879 0.000215467 0.000106878 0.189779 0.194842
0.197373 0.000171543 9.06445e-05 4.4233e-05 0.000151454 7.5675e-05 4.09752e-05 0.000360812 0.000261192 8.94869e-05 0.00011645 6.67702e-05 3.01959e-05 0.000460847 0.000237231 0.000115769 0.194842 0.199904
0.202435 0.000187636 9.69162e-05 4.89343e-05 0.000166633 8.26092e-05 4.53848e-05 0.00038552 0.000276404 9.92965e-05 0.000129195 6.93001e-05 3.4289e-05 0.000494522 0.000249632 0.00012591 0.199904 0.204967
0.207498 0.000203983 0.00010391 5.38074e-05 0.000181981 8.76886e-05 5.00544e-05 0.000411277 0.000277718 0.000105833 0.000142888 7.72187e-05 3.82777e-05 0.0005248 0.000259309 0.000135321 0.204967 0.210029
0.212560 0.000221425 0.000117365 5.81482e-05 0.000198314 9.54682e-05 5.45125e-05 0.000439164 0.000295812 0.000119607 0.000157285 8.89713e-05 4.16331e-05 0.000558236 0.000275522 0.000144362 0.210029 0.215091
0.217623 0.000241297 0.000135668 6.43914e-05 0.000217242 0.00010564 6.10516e-05 0.000467933 0.000308298 0.000126778 0.000172715 0.000100226 4.63031e-05 0.000601429 0.000300031 0.00015621 0.215091 0.220154
0.222685 0.000231328 0.000124035 6.22262e-05 0.000208499 0.000103505 5.9051e-05 0.00044642 0.000304547 0.000116861 0.000165852 9.20875e-05 4.50979e-05 0.000575154 0.000313497 0.000153312 0.220154 0.225217
0.227748 0.000232928 0.000123685 6.56029e-05 0.000210187 0.000113998 6.00716e-05 0.00044719 0.000298687 0.000119808 0.000167449 9.03011e-05 4.80199e-05 0.000576771 0.000298945 0.000160959 0.225217 0.230279
0.232810 0.000239709 0.000120654 7.11627e-05 0.000216721 0.000113164 6.58986e-05 0.000456294 0.00029845 0.000124919 0.000173253 9.50586e-05 5.16246e-05 0.000588677 0.00029656 0.000178287 0.230279 0.235342
0.237873 0.000247572 0.000129171 7.93851e-05 0.000224669 0.000120859 7.25746e-05 0.000463359 0.000300053 0.000130371 0.000179446 0.000102319 5.68946e-05 0.000605311 0.000319079 0.000188676 0.235342 0.240404
0.242935 0.000255724 0.000133453 8.45881e-05 0.000232877 0.00012423 7.60923e-05 0.000470977 0.000304084 0.000135959 0.000186444 9.97497e-05 6.20037e-05 0.000619523 0.000313149 0.000197266 0.240404 0.245467
0.247998 0.000259237 0.000143493 8.41441e-05 0.000236508 0.000123963 8.20215e-05 0.000473388 0.000300612 0.000143213 0.000189509 0.000111071 6.36152e-05 0.000625389 0.000306043 0.00020069 0.245467 0.250529
0.253060 0.000269104 0.000148212 8.66037e-05 0.000245986 0.000126252 8.21702e-05 0.000486913 0.000324611 0.000148918 0.000197724 0.000115658 6.53497e-05 0.000643933 0.000309419 0.000212001 0.250529 0.255592
0.258123 0.000277292 0.00014413 9.02267e-05 0.00025406 0.000127455 8.46656e-05 0.000496178 0.000343445 0.000148824 0.000205115 0.00011482 6.65554e-05 0.000656307 0.000307606 0.000214506 0.255592 0.260654
0.263185 0.000287163 0.000145724 9.72507e-05 0.000263983 0.000127083 8.94116e-05 0.000505561 0.000348665 0.000147675 0.000213109 0.000116273 7.07053e-05 0.000676034 0.000316815 0.000221862 0.260654 0.265716
0.268248 0.000301013 0.000152075 0.000101197 0.000277069 0.000138499 9.57571e-05 0.000526611 0.000347369 0.000149708 0.00022467 0.000120284 7.51684e-05 0.000701902 0.000323102 0.000229307 0.265716 0.270779
0.273310 0.000311954 0.00015655 0.000103168 0.000287801 0.000135947 9.78249e-05 0.000539509 0.000347696 0.00014788 0.000234423 0.000126724 7.8844e-05 0.000719077 0.000332305 0.000230423 0.270779 0.275842
0.278373 0.000329115 0.000164565 0.000107653 0.000304114 0.000143386 0.000100742 0.000564668 0.000359321 0.000155065 0.000248493 0.00013463 8.27919e-05 0.000752476 0.000349751 0.000239006 0.275842 0.280904
0.283435 0.000336338 0.000169435 0.000107744 0.00031114 0.000149303 0.000104623 0.000573741 0.000381801 0.000154533 0.000255097 0.000134607 8.3996e-05 0.000762947 0.000357119 0.000239916 0.280904 0.285967
0.288498 0.000349315 0.000179233 0.000112618 0.000324041 0.000159373 0.0001094 0.000587435 0.000405414 0.000154161 0.000266985 0.000139386 8.81325e-05 0.000781642 0.000372914 0.000244398 0.285967 0.291029
0.293560 0.000360181 0.00017518 0.000115296 0.000335146 0.000160397 0.000113977 0.000596056 0.000422667 0.000163151 0.000277305 0.000143531 8.99397e-05 0.000795379 0.000383868 0.000256323 0.291029 0.296091
0.298623 0.000371534 0.000183344 0.000122025 0.000346514 0.000171808 0.000118537 0.000607255 0.000427144 0.000170169 0.000288717 0.000150818 9.44329e-05 0.000806417 0.000388068 0.000261345 0.296091 0.301154
0.303685 0.000384332 0.000194977 0.000125979 0.000359042 0.000178017 0.000123673 0.000622601 0.000437697 0.000170027 0.000300435 0.00015613 9.91625e-05 0.000824888 0.000399668 0.000258983 0.301154 0.306217
0.308748 0.00039663 0.000211622 0.00012936 0.000371525 0.000194342 0.000127915 0.000633154 0.000450159 0.000169807 0.000311709 0.000169433 0.000103178 0.000842561 0.000416495 0.000264482 0.306217 0.311279
0.313810 0.000410323 0.000222517 0.000132669 0.000385469 0.00020126 0.000131593 0.000644488 0.000465242 0.000169496 0.000323892 0.000177179 0.000106617 0.000864184 0.000429893 0.000272282 0.311279 0.316341
0.318873 0.000423717 0.000231102 0.000136404 0.000399181 0.000207774 0.000134474 0.000654887 0.000482953 0.0001684 0.000336828 0.000185232 0.000109037 0.00087998 0.000436331 0.000280099 0.316341 0.321404
0.323935 0.000441004 0.000240238 0.000142407 0.000415958 0.000217133 0.000141549 0.000676984 0.000504607 0.000176837 0.000352708 0.000195132 0.000114653 0.000904663 0.000439159 0.000293266 0.321404 0.326466
0.328997 0.0004548 0.000247462 0.00014991 0.000429553 0.00022345 0.000149031 0.000692669 0.0005102 0.000178713 0.000365903 0.000202483 0.000120141 0.000921614 0.000458277 0.000306224 0.326466 0.331528
0.334060 0.000468509 0.000252323 0.000158881 0.000443565 0.000229345 0.000155102 0.000703521 0.00051966 0.000182423 0.000379705 0.000210494 0.000128491 0.000934836 0.000466911 0.000318462 0.331528 0.336591
0.339122 0.00048282 0.000264943 0.00016831 0.000458235 0.000235076 0.000162954 0.000714453 0.000511515 0.000191347 0.000393274 0.000218199 0.000136973 0.000953042 0.000463243 0.00032355 0.336591 0.341653
0.344185 0.000494363 0.00026687 0.000174738 0.000470289 0.000241818 0.000170272 0.000721182 0.000509035 0.000197744 0.000405382 0.000228169 0.000144661 0.00096162 0.000468302 0.000316776 0.341653 0.346716
0.349247 0.000507039 0.000279739 0.000176226 0.00048297 0.000253974 0.000176988 0.000733813 0.000498477 0.000206761 0.000418586 0.00023256 0.000150912 0.000971521 0.000478968 0.000312953 0.346716 0.351779
0.354310 0.000513377 0.00028672 0.000175777 0.000489728 0.000259047 0.000181127 0.00073619 0.000498207 0.000202067 0.000426719 0.000243923 0.000149725 0.000968433 0.00047167 0.000323721 0.351779 0.356841
0.359372 0.00052888 0.00029612 0.000184745 0.000505365 0.0002764 0.000185836 0.000750434 0.000519374 0.000207352 0.000442186 0.000255099 0.000158195 0.000984124 0.000482349 0.000339172 0.356841 0.361903
0.364435 0.000541545 0.000301835 0.000194008 0.00051803 0.000289338 0.000186901 0.000763092 0.000534017 0.000215257 0.000455133 0.000267799 0.000165735 0.000995303 0.00049167 0.000352346 0.361903 0.366966
0.369497 0.000557692 0.000311346 0.000204672 0.000534693 0.000299212 0.000195536 0.000774372 0.000556211 0.000217031 0.000470686 0.000277048 0.000174144 0.00101457 0.000501043 0.000357448 0.366966 0.372028
0.374560 0.000572241 0.000318499 0.000210046 0.000549528 0.000307582 0.000204824 0.000786239 0.000565532 0.000218178 0.000484943 0.000284699 0.000181917 0.00103066 0.000496887 0.000359203 0.372028 0.377091
0.379622 0.000583819 0.000323102 0.000216589 0.000562235 0.000313763 0.000210154 0.000787176 0.000575466 0.000214871 0.000496693 0.000290167 0.000188655 0.00104133 0.000496014 0.000363259 0.377091 0.382154
0.384685 0.000594528 0.000326571 0.00022302 0.000573364 0.00031165 0.000216887 0.000793919 0.000580554 0.000216368 0.000507955 0.000294475 0.000195001 0.00104913 0.000499007 0.000365312 0.382154 0.387216
0.389747 0.000606194 0.000329747 0.000229593 0.000584805 0.000314428 0.000223419 0.000807714 0.000572901 0.000223137 0.000520368 0.000299636 0.000201643 0.00105688 0.000512817 0.000372413 0.387216 0.392278
0.394810 0.000616227 0.000331697 0.000230298 0.000595647 0.000311608 0.00022734 0.000810124 0.000568007 0.000221626 0.000530781 0.000302583 0.000207559 0.00106492 0.000515198 0.000373414 0.392278 0.397341
0.399872 0.000626136 0.00033555 0.000235643 0.000606204 0.000316854 0.000229422 0.000813929 0.000580618 0.000219427 0.000541213 0.000300969 0.000209381 0.00107208 0.000508677 0.000371019 0.397341 0.402404
0.404935 0.000636904 0.000338752 0.000237139 0.000617749 0.000326699 0.000232515 0.000817374 0.000591993 0.000219191 0.000552002 0.000303829 0.000211916 0.00108274 0.000521856 0.000380614 0.402404 0.407466
0.409997 0.000652824 0.000345397 0.000240121 0.000634099 0.000333113 0.000240728 0.000829242 0.00060489 0.000223016 0.00056845 0.000317345 0.000217695 0.00109588 0.000535821 0.000392753 0.407466 0.412529
0.415060 0.00066381 0.000347974 0.000244985 0.000645481 0.00033435 0.000246504 0.000836497 0.00061155 0.000228181 0.00058017 0.000309639 0.000224105 0.00110302 0.000536557 0.000402956 0.412529 0.417591
0.420122 0.000674683 0.000350637 0.000251004 0.000656603 0.000333041 0.000253065 0.000845022 0.000617488 0.000231034 0.000591186 0.000314325 0.000230442 0.00111314 0.000544042 0.000409624 0.417591 0.422653
0.425185 0.000681804 0.000348994 0.000252378 0.000664084 0.000332385 0.000255341 0.000848755 0.000618389 0.000232683 0.00059902 0.000324534 0.000233253 0.00111652 0.000537496 0.000411698 0.422653 0.427716
0.430247 0.000691942 0.000350752 0.000260062 0.000675166 0.00033198 0.000261466 0.000849999 0.000626597 0.000237523 0.000610157 0.000327557 0.000239319 0.00112141 0.000528271 0.000415216 0.427716 0.432779
0.435310 0.000703798 0.000352932 0.00026828 0.000687561 0.000341878 0.000267507 0.000856781 0.000635435 0.000240919 0.000622595 0.000322265 0.000244947 0.00113021 0.000525721 0.000415755 0.432779 0.437841
0.440372 0.00071513 0.00035441 0.000276219 0.000699247 0.000344761 0.000272797 0.000864779 0.000632814 0.000243519 0.00063399 0.000326036 0.000250719 0.00114121 0.000531121 0.000414173 0.437841 0.442903
0.445435 0.000725776 0.00035234 0.000283751 0.000709912 0.000341478 0.000277766 0.000875247 0.000636711 0.000243923 0.000645094 0.000329424 0.000255712 0.00114946 0.000530573 0.000417765 0.442903 0.447966
0.450497 0.0007413 0.000350688 0.000290887 0.000726022 0.000338884 0.000285294 0.000885249 0.000639187 0.00024634 0.000661005 0.000334501 0.000264648 0.00116294 0.000532644 0.000419672 0.447966 0.453029
0.455560 0.000750616 0.000358966 0.000292196 0.000735535 0.000332711 0.000289521 0.000892708 0.000643992 0.000245714 0.000671158 0.000329155 0.000268538 0.00116786 0.000541895 0.000415396 0.453029 0.458091
0.460622 0.000759165 0.000358024 0.00029318 0.000744755 0.000327431 0.000293225 0.000894939 0.000644767 0.000244951 0.000679906 0.000324787 0.000270836 0.00117537 0.000548384 0.000415458 0.458091 0.463154
0.465685 0.000768996 0.000357646 0.000293711 0.000755366 0.000336792 0.000297206 0.000897418 0.000639919 0.000244984 0.000689513 0.000321275 0.000273234 0.00118637 0.000559597 0.00041798 0.463154 0.468216
0.470747 0.000777707 0.000356391 0.000295341 0.000764885 0.000345853 0.000300608 0.000898505 0.000631579 0.000245362 0.000698558 0.000326075 0.000275842 0.00119333 0.000564961 0.000424488 0.468216 0.473278
0.475810 0.000786941 0.000356116 0.000296957 0.000774611 0.000353221 0.000303984 0.00090311 0.00062879 0.000251719 0.000708379 0.000331062 0.000277494 0.00119948 0.000566424 0.000430713 0.473278 0.478341
0.480872 0.000795853 0.000363196 0.000299458 0.000784005 0.000360639 0.000306869 0.000907478 0.000625508 0.000260423 0.000718224 0.000334936 0.000278358 0.00120349 0.000580922 0.000436103 0.478341 0.483404
0.485935 0.000805628 0.000372022 0.000304321 0.000794378 0.000367552 0.000311138 0.000911615 0.000619689 0.000263217 0.000728039 0.000339053 0.000282285 0.00121306 0.000584643 0.000443159 0.483404 0.488466
0.490997 0.000820445 0.000380765 0.000317261 0.000809758 0.000360176 0.000316438 0.000921135 0.000612069 0.000266041 0.000743653 0.000345248 0.000292863 0.00122369 0.00058961 0.000445371 0.488466 0.493528
0.496060 0.000829279 0.000385025 0.000319252 0.000819204 0.000369995 0.000316971 0.000924215 0.000629381 0.000264668 0.000752935 0.000345488 0.000295295 0.00123018 0.000595765 0.000446721 0.493528 0.498591
0.501122 0.000836902 0.000380032 0.000320637 0.000827324 0.000367435 0.000320659 0.000927149 0.000638942 0.000265532 0.000760901 0.000347958 0.000297081 0.001236 0.000598425 0.000448878 0.498591 0.503654
0.506185 0.000845303 0.000375829 0.000321918 0.000836573 0.000364766 0.000326175 0.000927557 0.000637251 0.000264958 0.000769617 0.00035183 0.000299894 0.00124274 0.000596255 0.000455971 0.503654 0.508716
0.511247 0.000854545 0.000370854 0.000323544 0.000846421 0.000366507 0.000331944 0.000931079 0.000624374 0.000266523 0.000779378 0.000353755 0.000300765 0.00124925 0.000579171 0.000459887 0.508716 0.513778
0.516310 0.000863006 0.000371168 0.000328866 0.000855239 0.000364939 0.000337058 0.000936185 0.000630925 0.000271624 0.000787904 0.000357834 0.000303323 0.00125737 0.000564378 0.000467239 0.513778 0.518841
0.521372 0.000862545 0.000367182 0.000332153 0.000855101 0.000357196 0.000338832 0.000932674 0.000635889 0.000273042 0.000788231 0.000351652 0.000306002 0.00125278 0.000562991 0.000462743 0.518841 0.523903
0.526435 0.000870629 0.000367027 0.000336933 0.000863902 0.000355959 0.000343937 0.000934011 0.000645796 0.000265386 0.00079652 0.000343697 0.000310426 0.00125978 0.000567338 0.000464977 0.523903 0.528966
0.531497 0.000882296 0.000367842 0.00034296 0.00087621 0.00035672 0.00035036 0.000939642 0.000648112 0.000258562 0.000808579 0.000339064 0.000315684 0.0012694 0.000563588 0.000468587 0.528966 0.534029
0.536560 0.000890081 0.00036442 0.000345253 0.000884747 0.000354685 0.000351886 0.00094034 0.000647457 0.000259756 0.000816478 0.000332468 0.00031963 0.00127658 0.000564375 0.000468852 0.534029 0.539091
0.541622 0.000899066 0.00034869 0.000347605 0.000894122 0.000352899 0.000354263 0.000945649 0.000655159 0.000258045 0.000825751 0.000327399 0.000324317 0.00128406 0.000581163 0.000467611 0.539091 0.544153
0.546685 0.000916192 0.000338462 0.000353073 0.00091204 0.000356972 0.000359234 0.000955317 0.000657736 0.000266269 0.000841954 0.000330749 0.000331608 0.00130603 0.000579538 0.00047444 0.544153 0.549216
0.551747 0.000925467 0.000345005 0.000353184 0.000922092 0.000355882 0.000360784 0.000957265 0.000660834 0.000262868 0.000851417 0.000329195 0.000336791 0.00131432 0.000569163 0.00047091 0.549216 0.554278
0.556810 0.000933633 0.00035192 0.000355807 0.000931243 0.000355393 0.000361768 0.00095616 0.000659092 0.000266024 0.000859792 0.000328224 0.000340167 0.00132139 0.000558895 0.000466242 0.554278 0.559341
0.561872 0.000941346 0.000359227 0.000355663 0.000939724 0.000354122 0.000363122 0.000956629 0.000659843 0.000257212 0.000867818 0.000329357 0.000339824 0.00132745 0.000544228 0.00045878 0.559341 0.564404
0.566935 0.000945559 0.000359645 0.000356257 0.000944692 0.000350207 0.000363587 0.000953728 0.000666908 0.000253019 0.000871905 0.000334715 0.000338078 0.00133233 0.000538274 0.000457454 0.564404 0.569466
0.571997 0.000946914 0.000354315 0.00035534 0.000946798 0.000344482 0.000361999 0.000948005 0.000658411 0.000247906 0.000874337 0.000339338 0.000334383 0.00132803 0.000528493 0.000451089 0.569466 0.574528
0.577060 0.000953124 0.000350484 0.000356795 0.000953726 0.000341571 0.000365366 0.000947452 0.000666116 0.000240799 0.000880381 0.000335904 0.000333553 0.00133511 0.000525034 0.000449435 0.574528 0.579592
0.582123 0.00096018 0.000352664 0.000353403 0.000961565 0.000340349 0.000363673 0.000947137 0.000649302 0.0002354 0.000887806 0.000323349 0.000333927 0.00134023 0.00052003 0.000456499 0.579592 0.584654
0.587185 0.000966072 0.000344009 0.000349741 0.000968525 0.000326771 0.000361547 0.000942965 0.00064459 0.000229287 0.000893893 0.000314989 0.000331842 0.0013451 0.000515013 0.000456689 0.584654 0.589717
0.592248 0.000970966 0.000333234 0.000345776 0.000974644 0.000328207 0.000362154 0.000936317 0.000659971 0.000219614 0.000899232 0.000321186 0.000328848 0.00134765 0.000509124 0.000458623 0.589717 0.594779
0.597310 0.000977691 0.000332245 0.000347639 0.000982293 0.000324908 0.00036554 0.000934327 0.000673921 0.000212377 0.000905925 0.000327945 0.00032744 0.00135454 0.000505082 0.000455509 0.594779 0.599841
0.602373 0.000983424 0.000331895 0.000344577 0.000988934 0.000321392 0.000372474 0.000931519 0.000688156 0.000207909 0.000912105 0.000321522 0.000324983 0.00135793 0.000499379 0.000454225 0.599841 0.604904
0.607435 0.000993717 0.000329108 0.00034515 0.00100028 0.000324098 0.000374188 0.000931847 0.000694276 0.000203915 0.000922855 0.00031163 0.000330289 0.00136582 0.000495488 0.000451559 0.604904 0.609967
0.612498 0.00100021 0.000314932 0.00035421 0.00100749 0.000325438 0.000383936 0.000931609 0.000711591 0.000189058 0.000929432 0.000300533 0.000335662 0.0013719 0.000486077 0.00045302 0.609967 0.615029
0.617560 0.00100882 0.000321101 0.000361654 0.00101728 0.0003277 0.000392656 0.000929165 0.000730869 0.000181118 0.00093857 0.000314823 0.00034453 0.00137772 0.000480991 0.000451499 0.615029 0.620092
0.622623 0.00100413 0.000324931 0.000350633 0.00101199 0.000330674 0.000386503 0.000930134 0.000741929 0.000178276 0.000933156 0.000321392 0.000341969 0.00137683 0.000477083 0.000437983 0.620092 0.625154
0.627685 0.00100114 0.000333078 0.000345751 0.00100855 0.000331448 0.000379874 0.000931358 0.000726859 0.000173042 0.000929334 0.000323459 0.000337632 0.00137821 0.000495515 0.000423696 0.625154 0.630216
0.632748 0.000997231 0.000338533 0.000333009 0.00100416 0.000344618 0.000370597 0.000931979 0.000720862 0.000167415 0.000924967 0.000337645 0.000327421 0.0013767 0.000514147 0.000416 0.630216 0.635279
0.637810 0.000994212 0.000357231 0.000334486 0.0010005 0.000346655 0.000360665 0.00093498 0.00071394 0.000164332 0.00092091 0.000335574 0.000317139 0.00137913 0.000530986 0.000418341 0.635279 0.640342
0.642873 0.000995674 0.000341897 0.000319592 0.00100154 0.000349326 0.000347231 0.000940421 0.0007124 0.000171799 0.000922282 0.000317973 0.000315707 0.00138107 0.000545793 0.000411176 0.640342 0.645404
0.647935 0.000992268 0.000361279 0.000316463 0.000997594 0.000342191 0.000344949 0.000942091 0.00071383 0.000165935 0.000918256 0.000327234 0.000305317 0.00138092 0.000564061 0.000401005 0.645404 0.650466
0.652998 0.000993641 0.000370211 0.000304934 0.000998377 0.000352585 0.000333095 0.00094902 0.000718386 0.000166804 0.000918574 0.000339895 0.000293993 0.00138783 0.000584391 0.000383795 0.650466 0.655529
0.658060 0.000991864 0.000384709 0.00029574 0.000995807 0.000360894 0.000322538 0.000954722 0.000729685 0.00016662 0.00091618 0.000348621 0.000282562 0.00138929 0.000588438 0.000380184 0.655529 0.660591
0.663123 0.000993279 0.000386416 0.000284623 0.000996474 0.000376967 0.0003158 0.000963184 0.00073215 0.000166593 0.000916432 0.000361061 0.000276673 0.00139681 0.000581839 0.000376757 0.660591 0.665654
0.668185 0.000992069 0.000386158 0.000278848 0.000994559 0.000381063 0.000303611 0.000968607 0.000752721 0.000170504 0.000914047 0.000361969 0.000268858 0.00140177 0.000596798 0.000372917 0.665654 0.670717
0.673248 0.000994359 0.000393917 0.000272097 0.000996003 0.000391648 0.000292618 0.000978871 0.000754434 0.000174026 0.00091502 0.000375673 0.000262079 0.00141098 0.000615094 0.000358655 0.670717 0.675779
0.678310 0.000996697 0.000415916 0.000263728 0.000997426 0.000403455 0.000281763 0.000989836 0.000764858 0.000178456 0.000916474 0.000383609 0.000251446 0.00141796 0.000623289 0.000351929 0.675779 0.680841
0.684006 0.000997723 0.000438829 0.000256761 0.00099802 0.000418435 0.000270398 0.000994934 0.000743748 0.000184236 0.000915956 0.000389591 0.000246135 0.0014271 0.000629107 0.000347297 0.680841 0.687170
0.690967 0.000995968 0.000469795 0.000246646 0.000995517 0.000438046 0.000259047 0.00100021 0.00072231 0.000200328 0.000912522 0.000393631 0.000236936 0.00143415 0.000639306 0.000335742 0.687170 0.694764
0.698560 0.000999402 0.000485602 0.0002381 0.000997565 0.000457485 0.000249491 0.00101672 0.000719851 0.000220081 0.000912942 0.00041076 0.000227812 0.00145342 0.000629219 0.000338309 0.694764 0.702357
0.706154 0.0010049 0.000496129 0.000232867 0.00100204 0.000475688 0.000244195 0.00103184 0.000700432 0.000238732 0.00091611 0.000441909 0.000219615 0.00147115 0.000624382 0.000341826 0.702357 0.709951
0.713748 0.00101002 0.00048114 0.000229409 0.00100587 0.00049079 0.000240415 0.00104916 0.000711516 0.000262542 0.000918167 0.000437918 0.000206017 0.00149237 0.000601015 0.000353574 0.709951 0.717545
0.721342 0.00101341 0.000461379 0.000225485 0.00100797 0.000497605 0.000235963 0.00106464 0.00067086 0.000295079 0.000918919 0.000447654 0.000199565 0.0015096 0.000579113 0.000364384 0.717545 0.725139
0.728935 0.00101844 0.000477678 0.000214216 0.00101114 0.000518478 0.000231441 0.00108727 0.000645966 0.000330169 0.000920831 0.000456773 0.000192789 0.00153101 0.000561918 0.000369224 0.725139 0.732732
0.736529 0.00102472 0.0004652 0.000209107 0.00101619 0.00053287 0.00022616 0.0011051 0.000617224 0.000339613 0.000924298 0.000456106 0.000190902 0.00155208 0.000575808 0.000374509 0.732732 0.740326
0.744123 0.00103384 0.00046232 0.000207623 0.00102316 0.000542189 0.000222338 0.00113446 0.000571674 0.000378362 0.000929491 0.000464921 0.000185828 0.00158178 0.000578722 0.00039175 0.740326 0.747920
0.751717 0.00104211 0.000472578 0.000214006 0.00102974 0.000553347 0.000214219 0.00115862 0.00056028 0.000397421 0.000934748 0.000478056 0.000188713 0.00160587 0.000573398 0.00041132 0.747920 0.755513
0.759310 0.00105226 0.000485519 0.000213972 0.00103865 0.000552238 0.00021542 0.00118058 0.000533705 0.000423499 0.000941459 0.000483152 0.000189442 0.00163413 0.000579262 0.000422941 0.755513 0.763107
0.766904 0.00106415 0.000522703 0.000229671 0.00104819 0.000553118 0.000219055 0.00121451 0.000543474 0.000475209 0.00095024 0.000490248 0.000197669 0.0016623 0.000598598 0.000434363 0.763107 0.770701
0.774498 0.00107445 0.000504388 0.000239702 0.00105898 0.000562999 0.000223868 0.00122023 0.000564296 0.000499302 0.000957921 0.000491016 0.000209843 0.00168635 0.000619962 0.000458587 0.770701 0.778295
0.782092 0.00108863 0.000491866 0.000261826 0.00107287 0.000564703 0.000230324 0.00123706 0.000566727 0.000550447 0.000968051 0.000493419 0.000212626 0.0017218 0.000622935 0.000490607 0.778295 0.785888
0.789685 0.00110156 0.000500549 0.000277584 0.00108667 0.000553606 0.000253606 0.00124181 0.000568179 0.000586469 0.000978003 0.000489979 0.000219613 0.00175038 0.000607837 0.000518544 0.785888 0.793482
0.797279 0.00111617 0.000498165 0.000287672 0.00110188 0.000541308 0.000269658 0.00125075 0.000562192 0.000610398 0.00098877 0.000478835 0.000229818 0.00178515 0.000608433 0.000542347 0.793482 0.801076
0.804873 0.00112585 0.00050131 0.000293053 0.00111738 0.000529689 0.00026822 0.00120569 0.00055825 0.000587435 0.000998362 0.000474869 0.000240486 0.00179534 0.000640263 0.00054173 0.801076 0.808670
0.812467 0.00113467 0.000506938 0.000288345 0.0011316 0.000517357 0.000265359 0.00116359 0.000594945 0.000575732 0.00100721 0.000481546 0.000258819 0.00180398 0.000640964 0.00054881 0.808670 0.816263
0.820060 0.00114449 0.000513232 0.000294156 0.00114732 0.000533794 0.000275444 0.00111782 0.000580157 0.000558375 0.00101678 0.000487324 0.000255115 0.00181509 0.000652434 0.000563895 0.816263 0.823857
0.827654 0.00115212 0.000518051 0.000301557 0.00116253 0.000566688 0.000291917 0.00105403 0.000557397 0.000515255 0.00102461 0.000492621 0.000261076 0.00182172 0.000674555 0.000575746 0.823857 0.831451
0.835248 0.00116166 0.000525238 0.000309866 0.00117818 0.000568823 0.000300316 0.00100598 0.000534933 0.000491139 0.00103437 0.0004999 0.000261037 0.00183006 0.000669207 0.000576746 0.831451 0.839045
0.842842 0.00116813 0.000539799 0.000317911 0.00119386 0.000584735 0.000312634 0.000925734 0.000490752 0.000450046 0.00104277 0.00051149 0.00027766 0.00182642 0.000690146 0.000584195 0.839045 0.846639
0.850435 0.00117471 0.000568864 0.000318901 0.00121048 0.000616743 0.000325352 0.000837762 0.000453767 0.000414678 0.00105075 0.000513288 0.000275557 0.00182568 0.000718246 0.000584943 0.846639 0.854232
0.858029 0.00118313 0.000568056 0.000325672 0.00122982 0.000629071 0.000334351 0.000743314 0.00039389 0.000371639 0.00106031 0.000555354 0.000286207 0.00182809 0.00074603 0.00059168 0.854232 0.861826
0.865623 0.00118984 0.000595157 0.000338612 0.0012498 0.000666762 0.000342238 0.000624945 0.000340073 0.000317819 0.00106864 0.000577635 0.00028901 0.00182629 0.000764335 0.000596263 0.861826 0.869420
0.873217 0.00119473 0.00062256 0.000344159 0.00127022 0.000689266 0.000343341 0.000483491 0.000273084 0.000249564 0.0010762 0.000590864 0.000294334 0.00181715 0.000753839 0.000598185 0.869420 0.877014
0.880810 0.00120057 0.000651252 0.000348903 0.00129366 0.000684835 0.000354478 0.000323506 0.000183858 0.000166658 0.00108418 0.000613016 0.000302232 0.00181173 0.000751178 0.00061641 0.877014 0.884607
0.888404 0.00120542 0.000675348 0.00035705 0.00133207 0.000691739 0.000359013 1.22324e-05 7.36374e-06 2.54453e-06 0.00109176 0.000637964 0.000306921 0.00180228 0.000784549 0.000613116 0.884607 0.892201
0.895998 0 0 0 0 0 0 0 0 0 0 0 0 0 0 0 0.892201 0.899795
0.903592 0 0 0 0 0 0 0 0 0 0 0 0 0 0 0 0.899795 0.907389
0.911185 0 0 0 0 0 0 0 0 0 0 0 0 0 0 0 0.907389 0.914982
0.918779 0 0 0 0 0 0 0 0 0 0 0 0 0 0 0 0.914982 0.922576
0.926373 0 0 0 0 0 0 0 0 0 0 0 0 0 0 0 0.922576 0.930170
0.933967 0 0 0 0 0 0 0 0 0 0 0 0 0 0 0 0.930170 0.937763
0.941560 0 0 0 0 0 0 0 0 0 0 0 0 0 0 0 0.937763 0.945357
0.949154 0 0 0 0 0 0 0 0 0 0 0 0 0 0 0 0.945357 0.952951
0.956748 0 0 0 0 0 0 0 0 0 0 0 0 0 0 0 0.952951 0.960545
0.964342 0 0 0 0 0 0 0 0 0 0 0 0 0 0 0 0.960545 0.968138
0.971935 0 0 0 0 0 0 0 0 0 0 0 0 0 0 0 0.968138 0.975732
0.979529 0 0 0 0 0 0 0 0 0 0 0 0 0 0 0 0.975732 0.983326
0.987123 0 0 0 0 0 0 0 0 0 0 0 0 0 0 0 0.983326 0.990920
0.994717 0 0 0 0 0 0 0 0 0 0 0 0 0 0 0 0.990920 0.998514
1.000412 0 0 0 0 0 0 0 0 0 0 0 0 0 0 0 0.998514 1.002310
