#Observed stellar mass range: 11.2 < log10(M*/Msun) < 11.4
#Quenched threshold: Obs. SFR / Obs. SM < 1e-11 / yr
#SFHs in units of observed Msun/yr.
#True SFHs rescaled by average systematic offset of -0.263896 dex to be consistent with average observed stellar mass in bin.
#See documentation for explanation of true vs. observed SFRs and SMs.
#Bestfit galaxies in bin: 44
#Bestfit SF galaxies in bin: 43
#Bestfit Q galaxies in bin: 1
#Bestfit central galaxies in bin: 42
#Bestfit satellite galaxies in bin: 2
#Avg_scale_factor <SFH_all> Err+ Err- <SFH_SF> Err+ Err- <SFH_Q> Err+ Err- <SFH_Cen> Err+ Err- <SFH_Sat> Err+ Err- Scale_factor_begin Scale_factor_end
0.028936 0 0.0230184 0 0 0.0217845 0 0 0 0 0 0.0236788 0 0 0 0 0.000000 0.057873
0.059561 0.101118 0.291118 0.095815 0.10347 0.293515 0.0987955 0 0.175169 0 0.105933 0.310317 0.100498 0 0 0 0.057873 0.061248
0.062373 0.230538 0.975797 0.209629 0.2359 0.753651 0.212742 0 0.941689 0 0.241516 1.02366 0.219886 0 0 0 0.061248 0.063498
0.064623 0.397247 2.08009 0.331024 0.406485 1.76061 0.352303 0 1.96892 0 0.416163 2.17128 0.345373 0 0 0 0.063498 0.065748
0.066873 0.801051 2.26105 0.641226 0.819681 2.03451 0.68012 0 2.31704 0 0.839197 2.30753 0.66847 0 0 0 0.065748 0.067998
0.069123 1.23031 2.49912 0.940922 1.25702 2.12886 0.976428 0.0817234 4.32047 0.0817234 1.28695 2.65686 0.984364 0.0408617 0.0337564 0.0408617 0.067998 0.070248
0.071373 1.4831 2.44263 1.09997 1.51402 2.35544 1.15182 0.153592 4.54699 0.143332 1.55007 2.50246 1.15007 0.0767959 0.0552763 0.0767959 0.070248 0.072498
0.073623 2.41079 3.79794 1.67615 2.46493 2.9679 1.85454 0.0826697 10.1615 0.0655643 2.52362 3.92035 1.76238 0.0413348 0.095285 0.0413348 0.072498 0.074748
0.075873 3.19187 3.72102 2.20797 3.24813 2.70274 2.31388 0.772804 11.9189 0.660137 3.32546 3.9715 2.29648 0.386402 0.120337 0.386402 0.074748 0.076998
0.078123 4.46418 3.34779 3.19102 4.49138 2.19314 3.22064 3.29443 9.77008 2.92159 4.59832 3.3158 3.21645 1.64722 0.209056 1.64722 0.076998 0.079248
0.080373 4.43951 4.61905 2.72385 4.48769 3.37411 2.87078 2.36752 9.69794 1.88135 4.59454 4.8587 2.82444 1.18376 0.227663 1.18376 0.079248 0.081498
0.082904 3.11869 5.90318 1.43658 3.15803 4.28731 1.55359 1.4272 10.8075 1.06301 3.22684 6.14116 1.45681 0.847683 0.134535 0.847683 0.081498 0.084311
0.085998 4.66549 7.4653 1.89544 4.75051 6.78462 2.02809 1.01003 14.7311 0.536218 4.84963 7.96381 1.93164 0.798648 0.17858 0.798172 0.084311 0.087685
0.089373 6.42448 12.4775 2.2105 6.56096 10.9972 2.91909 0.555744 24.5458 0.234697 6.70474 12.7816 2.25188 0.538921 0.0732562 0.528345 0.087685 0.091061
0.092748 8.91698 13.387 2.35984 9.08913 11.6636 3.45074 1.51454 34.0608 0.856062 9.28383 13.5603 2.49603 1.21315 0.00125838 1.19354 0.091061 0.094435
0.096123 11.4675 22.6994 3.37265 11.6516 21.1655 4.16546 3.54934 34.8712 2.23291 11.8993 23.7642 3.43598 2.39936 0 2.38331 0.094435 0.097811
0.099498 17.7793 21.3691 6.1393 17.9512 15.8176 7.33113 10.3863 71.017 9.01563 18.3039 22.1648 6.2357 6.76189 -0.606699 6.73254 0.097811 0.101186
0.102873 23.8535 26.2532 9.05237 24.0463 20.3405 10.3199 15.5665 79.1014 12.4836 24.4001 27.156 9.22785 12.3764 -2.15781 12.3703 0.101186 0.104560
0.106248 38.0466 29.749 15.4884 38.7147 18.1486 17.9135 9.31641 124.473 5.95616 36.9785 32.9168 14.8136 60.4768 -10.262 60.4698 0.104560 0.107936
0.109623 60.8632 46.794 24.5611 62.0651 31.7228 29.3777 9.18002 201.862 4.88094 54.7098 54.6558 19.8306 190.085 -27.3051 190.038 0.107936 0.111310
0.112998 90.8837 32.3942 41.1994 92.5898 19.5179 44.6024 17.5211 209.51 9.66989 81.4671 43.1744 32.9838 288.633 -68.3528 288.598 0.111310 0.114686
0.116373 96.864 26.4509 38.8618 98.6557 15.7589 45.0112 19.8217 256.513 13.6576 83.6204 43.3239 27.6497 374.981 -103.478 374.915 0.114686 0.118060
0.119748 85.043 41.4398 23.5254 86.2656 30.8166 28.2949 32.4689 230.613 23.6142 75.4922 53.4853 18.0048 285.61 -49.2756 285.541 0.118060 0.121435
0.123123 90.2653 56.64 30.7617 90.9632 40.8502 32.7061 60.2569 225.901 51.4965 86.445 62.7 28.7359 170.492 41.2392 170.419 0.121435 0.124811
0.126498 95.1613 53.7723 26.4036 94.66 51.7494 27.873 116.717 125.287 99.951 96.9139 55.3978 28.4305 58.3583 67.7121 58.3072 0.124811 0.128185
0.129873 112.401 51.4109 37.52 110.548 48.7301 40.1601 192.08 27.2504 177.925 113.18 52.4151 38.4994 96.0398 52.9235 95.9776 0.128185 0.131561
0.133248 150.089 53.1519 61.6601 146.893 44.5146 63.1868 287.541 -18.3711 267.153 149.942 55.3407 61.0329 153.19 27.1683 153.145 0.131561 0.134935
0.137045 197.171 33.5504 88.3443 196.174 34.3099 91.7104 240.055 89.533 200.896 200.015 36.1184 86.997 137.454 -5.13701 137.376 0.134935 0.139154
0.141685 255.981 6.47437 122.598 246.532 9.45308 114.572 662.288 -310.165 606.933 252.097 7.54804 117.922 337.552 -29.0178 337.431 0.139154 0.144217
0.146748 250.318 39.5203 92.9698 228.591 53.7788 78.5463 1184.6 -761.655 1110.33 233.425 50.256 78.7823 605.08 -10.2216 604.902 0.144217 0.149279
0.151810 276.696 39.7564 98.2602 260.844 46.1378 90.4415 958.326 -502.312 872.162 266.834 51.5775 88.0925 483.801 24.1805 483.437 0.149279 0.154342
0.156873 272.257 80.7167 88.6525 265.507 83.0611 86.6288 562.465 -111.4 487.765 271.355 81.0322 83.4193 291.189 -6.02763 290.038 0.154342 0.159404
0.161935 291.588 95.0438 87.5753 279.731 103.752 83.1917 801.442 -348.963 712.269 286.213 92.4764 83.5119 404.479 216.272 375.242 0.159404 0.164467
0.166998 318.435 86.4724 113.779 311.41 112.727 101.831 620.498 -104.052 562.385 318.441 80.3076 117.564 318.3 256.055 315.104 0.164467 0.169529
0.172060 273.989 107.534 85.6739 267.526 113.997 63.4274 551.901 -173.708 526.231 273.74 99.3797 84.2574 279.209 197.214 267.048 0.169529 0.174591
0.177123 228.785 85.3942 60.6309 234.105 132.706 50.5333 0 0.429455 0 239.362 81.6433 68.9499 6.67417 296.672 6.18348 0.174591 0.179654
0.182185 0 0 0 0 0 0 0 0 0 0 0 0 0 0 0 0.179654 0.184716
0.187248 0 0 0 0 0 0 0 0 0 0 0 0 0 0 0 0.184716 0.189779
0.192310 0 0 0 0 0 0 0 0 0 0 0 0 0 0 0 0.189779 0.194842
0.197373 0 0 0 0 0 0 0 0 0 0 0 0 0 0 0 0.194842 0.199904
0.202435 0 0 0 0 0 0 0 0 0 0 0 0 0 0 0 0.199904 0.204967
0.207498 0 0 0 0 0 0 0 0 0 0 0 0 0 0 0 0.204967 0.210029
0.212560 0 0 0 0 0 0 0 0 0 0 0 0 0 0 0 0.210029 0.215091
0.217623 0 0 0 0 0 0 0 0 0 0 0 0 0 0 0 0.215091 0.220154
0.222685 0 0 0 0 0 0 0 0 0 0 0 0 0 0 0 0.220154 0.225217
0.227748 0 0 0 0 0 0 0 0 0 0 0 0 0 0 0 0.225217 0.230279
0.232810 0 0 0 0 0 0 0 0 0 0 0 0 0 0 0 0.230279 0.235342
0.237873 0 0 0 0 0 0 0 0 0 0 0 0 0 0 0 0.235342 0.240404
0.242935 0 0 0 0 0 0 0 0 0 0 0 0 0 0 0 0.240404 0.245467
0.247998 0 0 0 0 0 0 0 0 0 0 0 0 0 0 0 0.245467 0.250529
0.253060 0 0 0 0 0 0 0 0 0 0 0 0 0 0 0 0.250529 0.255592
0.258123 0 0 0 0 0 0 0 0 0 0 0 0 0 0 0 0.255592 0.260654
0.263185 0 0 0 0 0 0 0 0 0 0 0 0 0 0 0 0.260654 0.265716
0.268248 0 0 0 0 0 0 0 0 0 0 0 0 0 0 0 0.265716 0.270779
0.273310 0 0 0 0 0 0 0 0 0 0 0 0 0 0 0 0.270779 0.275842
0.278373 0 0 0 0 0 0 0 0 0 0 0 0 0 0 0 0.275842 0.280904
0.283435 0 0 0 0 0 0 0 0 0 0 0 0 0 0 0 0.280904 0.285967
0.288498 0 0 0 0 0 0 0 0 0 0 0 0 0 0 0 0.285967 0.291029
0.293560 0 0 0 0 0 0 0 0 0 0 0 0 0 0 0 0.291029 0.296091
0.298623 0 0 0 0 0 0 0 0 0 0 0 0 0 0 0 0.296091 0.301154
0.303685 0 0 0 0 0 0 0 0 0 0 0 0 0 0 0 0.301154 0.306217
0.308748 0 0 0 0 0 0 0 0 0 0 0 0 0 0 0 0.306217 0.311279
0.313810 0 0 0 0 0 0 0 0 0 0 0 0 0 0 0 0.311279 0.316341
0.318873 0 0 0 0 0 0 0 0 0 0 0 0 0 0 0 0.316341 0.321404
0.323935 0 0 0 0 0 0 0 0 0 0 0 0 0 0 0 0.321404 0.326466
0.328997 0 0 0 0 0 0 0 0 0 0 0 0 0 0 0 0.326466 0.331528
0.334060 0 0 0 0 0 0 0 0 0 0 0 0 0 0 0 0.331528 0.336591
0.339122 0 0 0 0 0 0 0 0 0 0 0 0 0 0 0 0.336591 0.341653
0.344185 0 0 0 0 0 0 0 0 0 0 0 0 0 0 0 0.341653 0.346716
0.349247 0 0 0 0 0 0 0 0 0 0 0 0 0 0 0 0.346716 0.351779
0.354310 0 0 0 0 0 0 0 0 0 0 0 0 0 0 0 0.351779 0.356841
0.359372 0 0 0 0 0 0 0 0 0 0 0 0 0 0 0 0.356841 0.361903
0.364435 0 0 0 0 0 0 0 0 0 0 0 0 0 0 0 0.361903 0.366966
0.369497 0 0 0 0 0 0 0 0 0 0 0 0 0 0 0 0.366966 0.372028
0.374560 0 0 0 0 0 0 0 0 0 0 0 0 0 0 0 0.372028 0.377091
0.379622 0 0 0 0 0 0 0 0 0 0 0 0 0 0 0 0.377091 0.382154
0.384685 0 0 0 0 0 0 0 0 0 0 0 0 0 0 0 0.382154 0.387216
0.389747 0 0 0 0 0 0 0 0 0 0 0 0 0 0 0 0.387216 0.392278
0.394810 0 0 0 0 0 0 0 0 0 0 0 0 0 0 0 0.392278 0.397341
0.399872 0 0 0 0 0 0 0 0 0 0 0 0 0 0 0 0.397341 0.402404
0.404935 0 0 0 0 0 0 0 0 0 0 0 0 0 0 0 0.402404 0.407466
0.409997 0 0 0 0 0 0 0 0 0 0 0 0 0 0 0 0.407466 0.412529
0.415060 0 0 0 0 0 0 0 0 0 0 0 0 0 0 0 0.412529 0.417591
0.420122 0 0 0 0 0 0 0 0 0 0 0 0 0 0 0 0.417591 0.422653
0.425185 0 0 0 0 0 0 0 0 0 0 0 0 0 0 0 0.422653 0.427716
0.430247 0 0 0 0 0 0 0 0 0 0 0 0 0 0 0 0.427716 0.432779
0.435310 0 0 0 0 0 0 0 0 0 0 0 0 0 0 0 0.432779 0.437841
0.440372 0 0 0 0 0 0 0 0 0 0 0 0 0 0 0 0.437841 0.442903
0.445435 0 0 0 0 0 0 0 0 0 0 0 0 0 0 0 0.442903 0.447966
0.450497 0 0 0 0 0 0 0 0 0 0 0 0 0 0 0 0.447966 0.453029
0.455560 0 0 0 0 0 0 0 0 0 0 0 0 0 0 0 0.453029 0.458091
0.460622 0 0 0 0 0 0 0 0 0 0 0 0 0 0 0 0.458091 0.463154
0.465685 0 0 0 0 0 0 0 0 0 0 0 0 0 0 0 0.463154 0.468216
0.470747 0 0 0 0 0 0 0 0 0 0 0 0 0 0 0 0.468216 0.473278
0.475810 0 0 0 0 0 0 0 0 0 0 0 0 0 0 0 0.473278 0.478341
0.480872 0 0 0 0 0 0 0 0 0 0 0 0 0 0 0 0.478341 0.483404
0.485935 0 0 0 0 0 0 0 0 0 0 0 0 0 0 0 0.483404 0.488466
0.490997 0 0 0 0 0 0 0 0 0 0 0 0 0 0 0 0.488466 0.493528
0.496060 0 0 0 0 0 0 0 0 0 0 0 0 0 0 0 0.493528 0.498591
0.501122 0 0 0 0 0 0 0 0 0 0 0 0 0 0 0 0.498591 0.503654
0.506185 0 0 0 0 0 0 0 0 0 0 0 0 0 0 0 0.503654 0.508716
0.511247 0 0 0 0 0 0 0 0 0 0 0 0 0 0 0 0.508716 0.513778
0.516310 0 0 0 0 0 0 0 0 0 0 0 0 0 0 0 0.513778 0.518841
0.521372 0 0 0 0 0 0 0 0 0 0 0 0 0 0 0 0.518841 0.523903
0.526435 0 0 0 0 0 0 0 0 0 0 0 0 0 0 0 0.523903 0.528966
0.531497 0 0 0 0 0 0 0 0 0 0 0 0 0 0 0 0.528966 0.534029
0.536560 0 0 0 0 0 0 0 0 0 0 0 0 0 0 0 0.534029 0.539091
0.541622 0 0 0 0 0 0 0 0 0 0 0 0 0 0 0 0.539091 0.544153
0.546685 0 0 0 0 0 0 0 0 0 0 0 0 0 0 0 0.544153 0.549216
0.551747 0 0 0 0 0 0 0 0 0 0 0 0 0 0 0 0.549216 0.554278
0.556810 0 0 0 0 0 0 0 0 0 0 0 0 0 0 0 0.554278 0.559341
0.561872 0 0 0 0 0 0 0 0 0 0 0 0 0 0 0 0.559341 0.564404
0.566935 0 0 0 0 0 0 0 0 0 0 0 0 0 0 0 0.564404 0.569466
0.571997 0 0 0 0 0 0 0 0 0 0 0 0 0 0 0 0.569466 0.574528
0.577060 0 0 0 0 0 0 0 0 0 0 0 0 0 0 0 0.574528 0.579592
0.582123 0 0 0 0 0 0 0 0 0 0 0 0 0 0 0 0.579592 0.584654
0.587185 0 0 0 0 0 0 0 0 0 0 0 0 0 0 0 0.584654 0.589717
0.592248 0 0 0 0 0 0 0 0 0 0 0 0 0 0 0 0.589717 0.594779
0.597310 0 0 0 0 0 0 0 0 0 0 0 0 0 0 0 0.594779 0.599841
0.602373 0 0 0 0 0 0 0 0 0 0 0 0 0 0 0 0.599841 0.604904
0.607435 0 0 0 0 0 0 0 0 0 0 0 0 0 0 0 0.604904 0.609967
0.612498 0 0 0 0 0 0 0 0 0 0 0 0 0 0 0 0.609967 0.615029
0.617560 0 0 0 0 0 0 0 0 0 0 0 0 0 0 0 0.615029 0.620092
0.622623 0 0 0 0 0 0 0 0 0 0 0 0 0 0 0 0.620092 0.625154
0.627685 0 0 0 0 0 0 0 0 0 0 0 0 0 0 0 0.625154 0.630216
0.632748 0 0 0 0 0 0 0 0 0 0 0 0 0 0 0 0.630216 0.635279
0.637810 0 0 0 0 0 0 0 0 0 0 0 0 0 0 0 0.635279 0.640342
0.642873 0 0 0 0 0 0 0 0 0 0 0 0 0 0 0 0.640342 0.645404
0.647935 0 0 0 0 0 0 0 0 0 0 0 0 0 0 0 0.645404 0.650466
0.652998 0 0 0 0 0 0 0 0 0 0 0 0 0 0 0 0.650466 0.655529
0.658060 0 0 0 0 0 0 0 0 0 0 0 0 0 0 0 0.655529 0.660591
0.663123 0 0 0 0 0 0 0 0 0 0 0 0 0 0 0 0.660591 0.665654
0.668185 0 0 0 0 0 0 0 0 0 0 0 0 0 0 0 0.665654 0.670717
0.673248 0 0 0 0 0 0 0 0 0 0 0 0 0 0 0 0.670717 0.675779
0.678310 0 0 0 0 0 0 0 0 0 0 0 0 0 0 0 0.675779 0.680841
0.684006 0 0 0 0 0 0 0 0 0 0 0 0 0 0 0 0.680841 0.687170
0.690967 0 0 0 0 0 0 0 0 0 0 0 0 0 0 0 0.687170 0.694764
0.698560 0 0 0 0 0 0 0 0 0 0 0 0 0 0 0 0.694764 0.702357
0.706154 0 0 0 0 0 0 0 0 0 0 0 0 0 0 0 0.702357 0.709951
0.713748 0 0 0 0 0 0 0 0 0 0 0 0 0 0 0 0.709951 0.717545
0.721342 0 0 0 0 0 0 0 0 0 0 0 0 0 0 0 0.717545 0.725139
0.728935 0 0 0 0 0 0 0 0 0 0 0 0 0 0 0 0.725139 0.732732
0.736529 0 0 0 0 0 0 0 0 0 0 0 0 0 0 0 0.732732 0.740326
0.744123 0 0 0 0 0 0 0 0 0 0 0 0 0 0 0 0.740326 0.747920
0.751717 0 0 0 0 0 0 0 0 0 0 0 0 0 0 0 0.747920 0.755513
0.759310 0 0 0 0 0 0 0 0 0 0 0 0 0 0 0 0.755513 0.763107
0.766904 0 0 0 0 0 0 0 0 0 0 0 0 0 0 0 0.763107 0.770701
0.774498 0 0 0 0 0 0 0 0 0 0 0 0 0 0 0 0.770701 0.778295
0.782092 0 0 0 0 0 0 0 0 0 0 0 0 0 0 0 0.778295 0.785888
0.789685 0 0 0 0 0 0 0 0 0 0 0 0 0 0 0 0.785888 0.793482
0.797279 0 0 0 0 0 0 0 0 0 0 0 0 0 0 0 0.793482 0.801076
0.804873 0 0 0 0 0 0 0 0 0 0 0 0 0 0 0 0.801076 0.808670
0.812467 0 0 0 0 0 0 0 0 0 0 0 0 0 0 0 0.808670 0.816263
0.820060 0 0 0 0 0 0 0 0 0 0 0 0 0 0 0 0.816263 0.823857
0.827654 0 0 0 0 0 0 0 0 0 0 0 0 0 0 0 0.823857 0.831451
0.835248 0 0 0 0 0 0 0 0 0 0 0 0 0 0 0 0.831451 0.839045
0.842842 0 0 0 0 0 0 0 0 0 0 0 0 0 0 0 0.839045 0.846639
0.850435 0 0 0 0 0 0 0 0 0 0 0 0 0 0 0 0.846639 0.854232
0.858029 0 0 0 0 0 0 0 0 0 0 0 0 0 0 0 0.854232 0.861826
0.865623 0 0 0 0 0 0 0 0 0 0 0 0 0 0 0 0.861826 0.869420
0.873217 0 0 0 0 0 0 0 0 0 0 0 0 0 0 0 0.869420 0.877014
0.880810 0 0 0 0 0 0 0 0 0 0 0 0 0 0 0 0.877014 0.884607
0.888404 0 0 0 0 0 0 0 0 0 0 0 0 0 0 0 0.884607 0.892201
0.895998 0 0 0 0 0 0 0 0 0 0 0 0 0 0 0 0.892201 0.899795
0.903592 0 0 0 0 0 0 0 0 0 0 0 0 0 0 0 0.899795 0.907389
0.911185 0 0 0 0 0 0 0 0 0 0 0 0 0 0 0 0.907389 0.914982
0.918779 0 0 0 0 0 0 0 0 0 0 0 0 0 0 0 0.914982 0.922576
0.926373 0 0 0 0 0 0 0 0 0 0 0 0 0 0 0 0.922576 0.930170
0.933967 0 0 0 0 0 0 0 0 0 0 0 0 0 0 0 0.930170 0.937763
0.941560 0 0 0 0 0 0 0 0 0 0 0 0 0 0 0 0.937763 0.945357
0.949154 0 0 0 0 0 0 0 0 0 0 0 0 0 0 0 0.945357 0.952951
0.956748 0 0 0 0 0 0 0 0 0 0 0 0 0 0 0 0.952951 0.960545
0.964342 0 0 0 0 0 0 0 0 0 0 0 0 0 0 0 0.960545 0.968138
0.971935 0 0 0 0 0 0 0 0 0 0 0 0 0 0 0 0.968138 0.975732
0.979529 0 0 0 0 0 0 0 0 0 0 0 0 0 0 0 0.975732 0.983326
0.987123 0 0 0 0 0 0 0 0 0 0 0 0 0 0 0 0.983326 0.990920
0.994717 0 0 0 0 0 0 0 0 0 0 0 0 0 0 0 0.990920 0.998514
1.000412 0 0 0 0 0 0 0 0 0 0 0 0 0 0 0 0.998514 1.002310
