#Observed stellar mass range: 10.4 < log10(M*/Msun) < 10.6
#Quenched threshold: Obs. SFR / Obs. SM < 1e-11 / yr
#SFHs in units of observed Msun/yr.
#True SFHs rescaled by average systematic offset of -0.16195 dex to be consistent with average observed stellar mass in bin.
#See documentation for explanation of true vs. observed SFRs and SMs.
#Bestfit galaxies in bin: 42823
#Bestfit SF galaxies in bin: 23160
#Bestfit Q galaxies in bin: 19663
#Bestfit central galaxies in bin: 28842
#Bestfit satellite galaxies in bin: 13981
#Avg_scale_factor <SFH_all> Err+ Err- <SFH_SF> Err+ Err- <SFH_Q> Err+ Err- <SFH_Cen> Err+ Err- <SFH_Sat> Err+ Err- Scale_factor_begin Scale_factor_end
0.028936 6.8711e-05 -1.80298e-05 6.86775e-05 4.13357e-06 -2.65626e-06 4.13357e-06 0.000144773 -4.70762e-05 0.000144751 3.31924e-06 2.71177e-05 3.31924e-06 0.00020361 -9.94444e-05 0.00020361 0.000000 0.057873
0.059561 0.00104161 0.000348913 0.00101575 0.000140426 0.000245473 0.000135506 0.00210307 -2.16151e-05 0.00206369 0.000450864 0.000409013 0.000432356 0.00226028 9.36311e-05 0.00223494 0.057873 0.061248
0.062373 0.002439 0.0010503 0.00233355 0.000616885 0.000724279 0.000587178 0.00458516 0.000845894 0.00442745 0.00125873 0.00132398 0.00117442 0.00487382 -0.000220292 0.00475993 0.061248 0.063498
0.064623 0.00354034 0.00228417 0.00322198 0.00142416 0.00154098 0.00129823 0.00603287 0.00334954 0.0056145 0.00219613 0.00213275 0.00196833 0.00631336 0.00224021 0.00589398 0.063498 0.065748
0.066873 0.00738368 0.0031917 0.00655718 0.00415469 0.00110061 0.00378755 0.0111869 0.00565294 0.00999968 0.00592296 0.00258611 0.00522434 0.0103971 0.00331988 0.0094625 0.065748 0.067998
0.069123 0.0118261 0.00508097 0.0101509 0.00706213 0.000734366 0.00619498 0.0174373 0.00961852 0.0149606 0.0098323 0.00343577 0.00837217 0.0159391 0.00530073 0.0140099 0.067998 0.070248
0.071373 0.0168622 0.0072043 0.0137083 0.00897431 0.00267388 0.00749288 0.0261529 0.0121435 0.021304 0.0151349 0.00663257 0.0126999 0.0204256 0.00874104 0.0165508 0.070248 0.072498
0.073623 0.0256819 0.00826412 0.0199742 0.01351 0.00395764 0.0108095 0.0400185 0.0139625 0.0315186 0.0222739 0.0075777 0.0175636 0.0327122 0.0121287 0.0248758 0.072498 0.074748
0.075873 0.0357138 0.00968263 0.0259189 0.0164455 0.00572492 0.0123633 0.058409 0.0138696 0.0439158 0.029387 0.00974623 0.0227019 0.0487657 0.0165587 0.035064 0.074748 0.076998
0.078123 0.046069 0.0131723 0.0328207 0.0224613 0.0071226 0.0157425 0.0738753 0.0204416 0.0537946 0.040142 0.0121344 0.0287842 0.0582961 0.0143294 0.0404753 0.076998 0.079248
0.080373 0.0586201 0.0150737 0.0396734 0.0312733 0.00830259 0.0208258 0.0908306 0.0231909 0.0650488 0.0537164 0.0106167 0.0371527 0.0687363 0.0207283 0.0464019 0.079248 0.081498
0.082904 0.0549718 0.019521 0.034858 0.0284205 0.0151298 0.0169284 0.0862451 0.0325504 0.0575887 0.0482296 0.0196386 0.029453 0.0688803 0.0239955 0.0436703 0.081498 0.084311
0.085998 0.0834053 0.0250141 0.0495935 0.0468869 0.0158754 0.0257777 0.126419 0.0342523 0.078782 0.0730621 0.0249915 0.0435996 0.104743 0.0228557 0.061259 0.084311 0.087685
0.089373 0.104042 0.0282398 0.0560984 0.0641262 0.0174091 0.0334435 0.151057 0.0492209 0.083963 0.0919708 0.0291896 0.0499967 0.128944 0.0302903 0.0670742 0.087685 0.091061
0.092748 0.130137 0.0322763 0.0642369 0.0800329 0.023464 0.0401679 0.189152 0.0562079 0.0983853 0.115676 0.0311983 0.0595774 0.159968 0.0403527 0.0766682 0.091061 0.094435
0.096123 0.150152 0.044971 0.069171 0.0933204 0.0252756 0.0427601 0.217091 0.0749231 0.0991017 0.134742 0.0433201 0.0637768 0.181942 0.0501495 0.0802607 0.094435 0.097811
0.099498 0.176 0.0511133 0.0744273 0.106276 0.0271343 0.0458636 0.258123 0.0777364 0.116101 0.158013 0.0525722 0.0680637 0.213104 0.0639563 0.0887272 0.097811 0.101186
0.102873 0.206142 0.0549209 0.0821155 0.121041 0.029335 0.0464179 0.306379 0.0784259 0.135047 0.182972 0.05627 0.0729985 0.253942 0.0581629 0.105095 0.101186 0.104560
0.106248 0.243468 0.050511 0.0946269 0.139454 0.0336314 0.0490255 0.365981 0.0839883 0.16245 0.214495 0.0527595 0.0817238 0.303237 0.0629662 0.122451 0.104560 0.107936
0.109623 0.278252 0.0565351 0.101871 0.165333 0.0283975 0.056193 0.411252 0.0965623 0.169664 0.243806 0.0511626 0.0859303 0.34931 0.0718414 0.136322 0.107936 0.111310
0.112998 0.317002 0.0623348 0.115703 0.194213 0.0219699 0.0660839 0.46163 0.102074 0.182725 0.286115 0.0548454 0.103234 0.380722 0.0770114 0.142849 0.111310 0.114686
0.116373 0.352544 0.0659423 0.124887 0.223175 0.0183668 0.0740683 0.504921 0.122773 0.191604 0.323353 0.0570753 0.115415 0.412764 0.0901833 0.144342 0.114686 0.118060
0.119748 0.388393 0.0712161 0.132975 0.244658 0.0200596 0.079855 0.557691 0.139672 0.209621 0.35144 0.0602942 0.121614 0.464625 0.0835688 0.162693 0.118060 0.121435
0.123123 0.421496 0.0833768 0.142048 0.27154 0.0251185 0.0833854 0.598122 0.152933 0.214927 0.385868 0.0698115 0.128898 0.494996 0.0952005 0.168371 0.121435 0.124811
0.126498 0.464337 0.0963692 0.160998 0.297223 0.0233406 0.0906155 0.661172 0.15387 0.239126 0.423157 0.0810033 0.145559 0.549289 0.0965731 0.190202 0.124811 0.128185
0.129873 0.512788 0.0919918 0.176286 0.328804 0.0288101 0.100552 0.729492 0.164387 0.267204 0.465285 0.0876794 0.152153 0.610783 0.101653 0.213721 0.128185 0.131561
0.133248 0.563755 0.105841 0.19043 0.345438 0.0387194 0.106744 0.820899 0.195619 0.305414 0.511294 0.0999964 0.168367 0.671979 0.124323 0.235528 0.131561 0.134935
0.137045 0.602589 0.115948 0.199264 0.369528 0.052032 0.111188 0.877099 0.205644 0.317455 0.548513 0.106953 0.177355 0.714145 0.146559 0.235884 0.134935 0.139154
0.141685 0.673944 0.125787 0.218249 0.406682 0.0594128 0.115024 0.988737 0.200743 0.360784 0.613764 0.1119 0.197509 0.798091 0.154957 0.263987 0.139154 0.144217
0.146748 0.75019 0.139334 0.241324 0.45735 0.0818339 0.12655 1.09511 0.251899 0.397501 0.685999 0.130803 0.21875 0.882613 0.182952 0.282492 0.144217 0.149279
0.151810 0.834818 0.152884 0.273686 0.517651 0.072187 0.151024 1.20839 0.276488 0.441436 0.766399 0.145727 0.253875 0.975961 0.20613 0.309938 0.149279 0.154342
0.156873 0.935913 0.160102 0.319846 0.573521 0.076194 0.17522 1.36276 0.285749 0.516776 0.851003 0.150402 0.285376 1.11108 0.188388 0.380499 0.154342 0.159404
0.161935 1.01726 0.191062 0.352345 0.621109 0.0732628 0.193621 1.48386 0.313201 0.560219 0.918012 0.170216 0.314167 1.22199 0.204678 0.418573 0.159404 0.164467
0.166998 1.09496 0.20624 0.366991 0.650742 0.0917993 0.189751 1.61818 0.34285 0.610503 0.994192 0.189608 0.334923 1.30283 0.21762 0.434706 0.164467 0.169529
0.172060 1.17802 0.208214 0.398715 0.702474 0.0954574 0.197016 1.73813 0.400613 0.662458 1.08059 0.20306 0.360516 1.379 0.231983 0.474657 0.169529 0.174591
0.177123 1.25458 0.230619 0.409258 0.763916 0.0907646 0.221006 1.83251 0.505774 0.659782 1.14086 0.209156 0.365781 1.4892 0.282134 0.493977 0.174591 0.179654
0.182185 1.33487 0.244197 0.429579 0.807935 0.113175 0.244009 1.95552 0.53335 0.698903 1.22847 0.228288 0.389859 1.55437 0.332591 0.500007 0.179654 0.184716
0.187248 1.42343 0.275133 0.459171 0.864125 0.107539 0.261968 2.08221 0.54694 0.753151 1.30535 0.252896 0.420378 1.66703 0.345968 0.558688 0.184716 0.189779
0.192310 1.50998 0.319392 0.483149 0.919448 0.123548 0.282558 2.20553 0.559721 0.789966 1.36812 0.293481 0.433011 1.80262 0.351174 0.62435 0.189779 0.194842
0.197373 1.59578 0.332842 0.512598 0.967866 0.1298 0.302445 2.33537 0.595127 0.836236 1.43361 0.308246 0.439302 1.93034 0.368715 0.673826 0.194842 0.199904
0.202435 1.7103 0.332704 0.566657 1.02195 0.139098 0.320289 2.52107 0.61225 0.907107 1.54678 0.302244 0.501931 2.04763 0.390967 0.696702 0.199904 0.204967
0.207498 1.81176 0.320664 0.603301 1.07486 0.142935 0.326971 2.67972 0.621376 0.985872 1.63183 0.310221 0.528852 2.18294 0.384968 0.744651 0.204967 0.210029
0.212560 1.90404 0.332015 0.640339 1.14558 0.134851 0.348114 2.79738 0.660846 1.03045 1.72481 0.312568 0.568308 2.27377 0.446139 0.757884 0.210029 0.215091
0.217623 2.00033 0.354092 0.683893 1.22017 0.132607 0.404357 2.91924 0.673068 1.05952 1.82273 0.321068 0.602712 2.36671 0.446624 0.772138 0.215091 0.220154
0.222685 2.0917 0.3838 0.707946 1.27807 0.15829 0.403103 3.05003 0.702966 1.10857 1.91695 0.369402 0.642779 2.45219 0.510369 0.789504 0.220154 0.225217
0.227748 2.18963 0.43254 0.735371 1.34592 0.181382 0.432878 3.18338 0.773517 1.15234 2.0128 0.392609 0.669412 2.55441 0.548708 0.824209 0.225217 0.230279
0.232810 2.30588 0.440764 0.780654 1.4138 0.171259 0.46344 3.35661 0.821586 1.22272 2.13329 0.385821 0.745002 2.6619 0.587246 0.853994 0.230279 0.235342
0.237873 2.40172 0.493261 0.811726 1.47742 0.184498 0.487142 3.49041 0.887649 1.25835 2.22001 0.444614 0.781281 2.77659 0.645214 0.894469 0.235342 0.240404
0.242935 2.50841 0.50847 0.851062 1.53603 0.215021 0.486978 3.65372 0.875393 1.32175 2.32163 0.444663 0.802301 2.89372 0.639069 0.951833 0.240404 0.245467
0.247998 2.61155 0.531172 0.886724 1.58977 0.23346 0.513374 3.81505 0.884242 1.39153 2.41259 0.446077 0.821891 3.02198 0.672195 0.987906 0.245467 0.250529
0.253060 2.71395 0.573705 0.905585 1.65682 0.237606 0.506971 3.95909 0.971561 1.4164 2.49702 0.462553 0.824088 3.16145 0.725414 1.01749 0.250529 0.255592
0.258123 2.81675 0.569036 0.94232 1.72637 0.242043 0.534724 4.10105 1.00647 1.45717 2.57203 0.489921 0.856229 3.3216 0.753244 1.07921 0.255592 0.260654
0.263185 2.92286 0.58566 0.963234 1.80907 0.242968 0.554456 4.23474 1.05182 1.45379 2.66667 0.52951 0.889096 3.45138 0.795433 1.12157 0.260654 0.265716
0.268248 3.03039 0.63455 0.979644 1.8738 0.243814 0.564604 4.39269 1.15515 1.50387 2.74605 0.575886 0.886132 3.61697 0.824263 1.16533 0.265716 0.270779
0.273310 3.15286 0.661676 1.01896 1.94684 0.254135 0.583361 4.57337 1.23234 1.56088 2.85782 0.591249 0.910809 3.76151 0.899221 1.20739 0.270779 0.275842
0.278373 3.26545 0.699761 1.0247 2.01517 0.272462 0.59221 4.73809 1.31389 1.61196 2.95167 0.627827 0.921069 3.91275 0.956108 1.23508 0.275842 0.280904
0.283435 3.41573 0.72618 1.06629 2.10682 0.290397 0.607213 4.95741 1.37836 1.71272 3.08027 0.645809 0.946484 4.10776 1.00757 1.27863 0.280904 0.285967
0.288498 3.55127 0.785827 1.1029 2.19563 0.287083 0.631602 5.14801 1.46888 1.78786 3.20773 0.660023 0.994188 4.25998 1.12045 1.29616 0.285967 0.291029
0.293560 3.68521 0.826709 1.13982 2.26475 0.326692 0.630733 5.3583 1.49276 1.86029 3.32546 0.684049 1.02663 4.42737 1.17247 1.34302 0.291029 0.296091
0.298623 3.8579 0.880467 1.2045 2.36045 0.345202 0.645146 5.62165 1.62292 1.92277 3.48487 0.721625 1.0897 4.62742 1.21055 1.3822 0.296091 0.301154
0.303685 3.97581 0.948736 1.21739 2.42578 0.354765 0.630663 5.80149 1.68035 2.00269 3.58853 0.744288 1.10927 4.77472 1.23388 1.41626 0.301154 0.306217
0.308748 4.1301 0.993415 1.26329 2.53427 0.408249 0.653352 6.00975 1.73353 2.09531 3.72497 0.818758 1.14864 4.96588 1.26563 1.46881 0.306217 0.311279
0.313810 4.30815 1.03255 1.30855 2.64694 0.425978 0.680767 6.26481 1.839 2.18959 3.88134 0.87209 1.18526 5.18864 1.27673 1.57096 0.311279 0.316341
0.318873 4.45386 1.07528 1.33043 2.7583 0.439267 0.691995 6.45098 1.98295 2.2003 4.00274 0.943638 1.22063 5.38451 1.33995 1.60922 0.316341 0.321404
0.323935 4.60616 1.16425 1.37189 2.86996 0.446081 0.705545 6.65113 2.04311 2.18094 4.14076 1.00313 1.24572 5.56625 1.44541 1.62685 0.321404 0.326466
0.328997 4.8028 1.22092 1.41306 3.0247 0.466395 0.716166 6.89714 2.1148 2.27569 4.31095 1.06901 1.27781 5.81747 1.51082 1.72082 0.326466 0.331528
0.334060 5.00132 1.25759 1.46532 3.17083 0.469825 0.768954 7.15736 2.13727 2.33402 4.48133 1.13572 1.2962 6.07404 1.54738 1.7723 0.331528 0.336591
0.339122 5.22388 1.31297 1.54125 3.30491 0.506288 0.802913 7.48413 2.1461 2.45773 4.68218 1.19079 1.35312 6.34137 1.64286 1.83974 0.336591 0.341653
0.344185 5.42811 1.38541 1.59668 3.47091 0.525717 0.844593 7.73338 2.17064 2.55746 4.85967 1.25026 1.40552 6.60075 1.6952 1.9561 0.341653 0.346716
0.349247 5.61555 1.48473 1.61957 3.64061 0.551327 0.875898 7.94173 2.24699 2.62808 5.05158 1.31578 1.44907 6.77899 1.71302 1.94253 0.346716 0.351779
0.354310 5.78221 1.51598 1.6564 3.76467 0.5698 0.882873 8.15856 2.28409 2.67179 5.19926 1.3869 1.46023 6.98478 1.75334 2.02918 0.351779 0.356841
0.359372 5.97511 1.52631 1.71666 3.89421 0.585361 0.893296 8.42609 2.331 2.73809 5.40054 1.38694 1.53653 7.16041 1.78711 2.03699 0.356841 0.361903
0.364435 6.1591 1.54099 1.74909 4.01127 0.603729 0.885272 8.68891 2.46147 2.79003 5.59315 1.3798 1.56697 7.32662 1.84037 2.00225 0.361903 0.366966
0.369497 6.35237 1.60251 1.75963 4.16324 0.639013 0.889673 8.93084 2.62629 2.85375 5.79003 1.47337 1.60133 7.51246 1.8482 2.04209 0.366966 0.372028
0.374560 6.51497 1.67097 1.77706 4.29691 0.661935 0.89104 9.1275 2.7518 2.88827 5.9736 1.546 1.61787 7.6318 1.93453 1.99299 0.372028 0.377091
0.379622 6.73738 1.67026 1.84135 4.46587 0.709851 0.911774 9.41287 2.77828 2.99955 6.18583 1.55806 1.6579 7.87519 1.99331 2.06092 0.377091 0.382154
0.384685 6.92253 1.69983 1.8662 4.66422 0.693952 0.936418 9.58246 2.88858 3.0208 6.37139 1.56426 1.72018 8.05949 2.12123 2.06008 0.382154 0.387216
0.389747 7.11878 1.75038 1.88295 4.83688 0.732962 0.94449 9.8065 3.02446 3.04273 6.5574 1.57417 1.74866 8.27688 2.09204 2.11468 0.387216 0.392278
0.394810 7.30647 1.75136 1.93615 5.02617 0.730831 0.983601 9.99231 3.16692 3.10354 6.74124 1.60081 1.77851 8.47249 2.11421 2.18796 0.392278 0.397341
0.399872 7.50196 1.82645 1.91243 5.231 0.735327 1.0341 10.1768 3.29731 3.09911 6.92267 1.65599 1.79608 8.69699 2.25009 2.21069 0.397341 0.402404
0.404935 7.7085 1.89257 1.9815 5.44241 0.741244 1.09078 10.3776 3.37287 3.12201 7.14799 1.70223 1.84314 8.86479 2.33135 2.30146 0.402404 0.407466
0.409997 7.86202 1.97105 2.0594 5.59187 0.730876 1.12698 10.5359 3.632 3.17202 7.31375 1.76418 1.89175 8.99306 2.4234 2.28389 0.407466 0.412529
0.415060 8.03273 2.05932 2.09943 5.80134 0.829731 1.14048 10.661 3.72114 3.15859 7.50555 1.8498 1.94587 9.12028 2.50603 2.35474 0.412529 0.417591
0.420122 8.20856 2.14641 2.14173 6.00079 0.845257 1.18665 10.809 3.8753 3.17342 7.68266 1.92449 1.99273 9.29345 2.5479 2.39089 0.417591 0.422653
0.425185 8.41221 2.23357 2.19898 6.25113 0.826389 1.27011 10.9576 3.91715 3.18158 7.88475 2.02577 2.04397 9.50034 2.56954 2.44315 0.422653 0.427716
0.430247 8.61317 2.2611 2.25583 6.46718 0.844267 1.28953 11.1408 3.9928 3.2269 8.09763 2.04947 2.1058 9.6767 2.59283 2.43741 0.427716 0.432779
0.435310 8.7883 2.29129 2.27248 6.68527 0.829498 1.35337 11.2654 4.17269 3.12553 8.28752 2.12296 2.12422 9.82139 2.66119 2.49179 0.432779 0.437841
0.440372 8.94882 2.34295 2.28528 6.89524 0.844242 1.36472 11.3676 4.23313 3.16674 8.47164 2.15286 2.16391 9.93321 2.67472 2.46454 0.437841 0.442903
0.445435 9.06649 2.38546 2.27654 7.08762 0.828714 1.42112 11.3973 4.32003 3.16262 8.60925 2.23688 2.16283 10.0098 2.67197 2.51002 0.442903 0.447966
0.450497 9.17454 2.48937 2.26604 7.25468 0.845222 1.44849 11.4358 4.35759 3.19881 8.72604 2.38226 2.14305 10.0998 2.64589 2.49906 0.447966 0.453029
0.455560 9.28764 2.53506 2.24862 7.44515 0.861807 1.4716 11.4578 4.47522 3.19184 8.87104 2.40947 2.13981 10.1471 2.74738 2.40877 0.453029 0.458091
0.460622 9.40947 2.63758 2.23908 7.64649 0.890684 1.5233 11.486 4.58233 3.20924 9.02358 2.51823 2.15581 10.2055 2.7582 2.40652 0.458091 0.463154
0.465685 9.46487 2.71144 2.20777 7.78669 0.889845 1.54249 11.4415 4.71847 3.20222 9.12511 2.56473 2.14499 10.1658 2.81853 2.3333 0.463154 0.468216
0.470747 9.55449 2.69854 2.19136 7.94418 0.867625 1.55201 11.4512 4.79222 3.22714 9.24424 2.63995 2.13698 10.1945 2.82804 2.30028 0.468216 0.473278
0.475810 9.6327 2.71502 2.21642 8.09772 0.897008 1.57172 11.4407 4.86211 3.22302 9.36146 2.66364 2.1741 10.1922 2.84474 2.26103 0.473278 0.478341
0.480872 9.68115 2.75795 2.14447 8.22827 0.91429 1.58095 11.3924 4.9483 3.21171 9.44493 2.67882 2.20012 10.1685 2.9455 2.25051 0.478341 0.483404
0.485935 9.70705 2.80262 2.15809 8.35046 0.960167 1.6169 11.3049 4.98963 3.19314 9.51836 2.73177 2.21808 10.0963 2.91965 2.26378 0.483404 0.488466
0.490997 9.72413 2.76058 2.18722 8.47178 0.961689 1.66725 11.1992 5.04637 3.14122 9.58167 2.7565 2.18302 10.018 2.8281 2.20354 0.488466 0.493528
0.496060 9.68948 2.83718 2.19349 8.52895 0.996239 1.70236 11.0564 5.07433 3.02982 9.60159 2.79081 2.15959 9.87079 2.93852 2.15974 0.493528 0.498591
0.501122 9.66884 2.81155 2.23882 8.58636 0.995527 1.75657 10.9438 5.04005 2.95311 9.60878 2.81315 2.22401 9.79274 2.79027 2.21125 0.498591 0.503654
0.506185 9.6421 2.76303 2.25085 8.65667 1.00544 1.86612 10.8028 5.05065 2.88929 9.64084 2.73922 2.30495 9.64471 2.81194 2.14933 0.503654 0.508716
0.511247 9.6094 2.78811 2.29781 8.69041 1.00717 1.81302 10.6918 4.98871 2.88856 9.6593 2.75014 2.34685 9.50647 2.83463 2.09965 0.508716 0.513778
0.516310 9.54326 2.66949 2.3128 8.7343 1.01464 1.84676 10.4961 4.92684 2.83561 9.63055 2.70037 2.3733 9.36319 2.74332 2.07656 0.513778 0.518841
0.521372 9.47233 2.65274 2.25886 8.73873 1.04035 1.81324 10.3364 4.84046 2.84512 9.58113 2.69424 2.36898 9.24788 2.634 2.05426 0.518841 0.523903
0.526435 9.37468 2.63432 2.24561 8.74986 1.01826 1.83409 10.1106 4.76088 2.76342 9.50793 2.68342 2.36835 9.09979 2.53187 2.05253 0.523903 0.528966
0.531497 9.26273 2.57794 2.20828 8.7428 0.98948 1.84804 9.87512 4.68698 2.67455 9.42383 2.65638 2.30365 8.93039 2.47945 2.03405 0.528966 0.534029
0.536560 9.14979 2.56328 2.16284 8.71991 0.980777 1.81872 9.65613 4.5982 2.60256 9.33582 2.63064 2.24277 8.76601 2.42618 1.98165 0.534029 0.539091
0.541622 9.05638 2.4736 2.16434 8.70485 0.979969 1.81506 9.47044 4.51232 2.64706 9.26931 2.56261 2.23772 8.61714 2.36019 1.99103 0.539091 0.544153
0.546685 8.92929 2.33269 2.17072 8.6662 0.858381 1.85585 9.23917 4.39938 2.57008 9.16504 2.51677 2.26124 8.44296 2.31886 1.9779 0.544153 0.549216
0.551747 8.78534 2.27262 2.11015 8.60454 0.859714 1.8527 8.99829 4.32681 2.51614 9.03617 2.34215 2.2567 8.26789 2.1873 1.9648 0.549216 0.554278
0.556810 8.66335 2.28344 2.09516 8.5679 0.806462 1.85829 8.77577 4.11121 2.42835 8.93656 2.21452 2.20351 8.09972 2.15173 1.93648 0.554278 0.559341
0.561872 8.50479 2.20904 2.07294 8.483 0.811873 1.86918 8.53045 3.89652 2.40808 8.80397 2.23938 2.18761 7.88759 2.08566 1.85964 0.559341 0.564404
0.566935 8.33003 2.04126 2.0587 8.38313 0.705931 1.88753 8.26748 3.61494 2.31664 8.65767 1.97873 2.18816 7.6541 1.99255 1.83512 0.564404 0.569466
0.571997 8.17312 1.91174 2.02375 8.28516 0.619222 1.92073 8.04117 3.45944 2.26571 8.52458 1.91708 2.19136 7.44808 1.78539 1.7684 0.569466 0.574528
0.577060 7.9978 1.79507 2.02826 8.16467 0.585439 1.89343 7.80126 3.4417 2.20416 8.35971 1.82312 2.18018 7.25121 1.72216 1.71215 0.574528 0.579592
0.582123 7.80449 1.75377 1.97595 8.01973 0.563599 1.86533 7.55096 3.40182 2.11324 8.17878 1.78157 2.14524 7.03235 1.6809 1.66673 0.579592 0.584654
0.587185 7.61517 1.73217 1.91664 7.88078 0.514823 1.81102 7.30232 3.21896 2.06039 8.00263 1.76475 2.06493 6.81586 1.63401 1.64907 0.584654 0.589717
0.592248 7.40665 1.7157 1.82015 7.72556 0.541455 1.77023 7.03102 3.18965 1.94545 7.81223 1.7553 2.00036 6.56997 1.61683 1.59662 0.589717 0.594779
0.597310 7.18934 1.66306 1.77198 7.56676 0.522656 1.80414 6.74478 3.07958 1.86151 7.60989 1.71749 1.93666 6.32176 1.53243 1.57098 0.594779 0.599841
0.602373 6.99365 1.64113 1.74755 7.41962 0.499418 1.78815 6.49191 2.94562 1.81513 7.42274 1.67294 1.86426 6.10846 1.48035 1.51524 0.599841 0.604904
0.607435 6.78492 1.61029 1.71684 7.24632 0.456617 1.77295 6.24146 2.85684 1.76507 7.21933 1.68604 1.87584 5.88876 1.43433 1.4816 0.604904 0.609967
0.612498 6.56657 1.5635 1.69356 7.06316 0.451675 1.79407 5.98166 2.79192 1.69577 7.00793 1.63498 1.84222 5.65607 1.38318 1.40575 0.609967 0.615029
0.617560 6.36496 1.53415 1.64339 6.89086 0.41429 1.78944 5.74554 2.73058 1.64578 6.80682 1.60271 1.76431 5.45344 1.28538 1.38327 0.615029 0.620092
0.622623 6.07109 1.55599 1.52148 6.61076 0.475171 1.71537 5.43545 2.71602 1.53791 6.50467 1.62697 1.63716 5.17665 1.25637 1.31407 0.620092 0.625154
0.627685 5.79446 1.43568 1.42024 6.34056 0.53191 1.59506 5.15124 2.66308 1.42334 6.22689 1.61386 1.54442 4.90239 1.36059 1.23127 0.625154 0.630216
0.632748 5.52679 1.38266 1.32935 6.06812 0.576997 1.47802 4.88919 2.60048 1.33989 5.953 1.50647 1.44961 4.64755 1.33454 1.10724 0.630216 0.635279
0.637810 5.2753 1.43643 1.25857 5.81874 0.640893 1.38498 4.63521 2.52152 1.25725 5.70026 1.45569 1.37638 4.39863 1.30998 1.01033 0.635279 0.640342
0.642873 5.03215 1.5059 1.1857 5.56615 0.689841 1.30312 4.40318 2.39013 1.18271 5.44982 1.49934 1.29585 4.17053 1.26427 0.938734 0.640342 0.645404
0.647935 4.80041 1.46861 1.10249 5.32546 0.723823 1.22584 4.18197 2.28055 1.09582 5.19571 1.56368 1.18978 3.98493 1.2033 0.873615 0.645404 0.650466
0.652998 4.57595 1.44853 1.03659 5.10073 0.738763 1.12304 3.95784 2.19499 1.01048 4.96048 1.54857 1.12598 3.7827 1.16037 0.80886 0.650466 0.655529
0.658060 4.37351 1.43539 0.945276 4.88668 0.764868 1.06196 3.76907 2.15493 0.925808 4.74691 1.55546 1.05294 3.60319 1.14593 0.749753 0.655529 0.660591
0.663123 4.16671 1.41392 0.871863 4.6802 0.791303 1.01852 3.5619 2.06589 0.847919 4.53577 1.51057 0.982669 3.40537 1.10703 0.672985 0.660591 0.665654
0.668185 3.98549 1.36976 0.793101 4.48416 0.809464 0.958834 3.39814 2.0507 0.790489 4.3382 1.49084 0.89277 3.25788 1.08432 0.620379 0.665654 0.670717
0.673248 3.79321 1.34411 0.723963 4.28444 0.837917 0.91329 3.21461 2.02601 0.733847 4.14274 1.47805 0.815222 3.07214 1.0449 0.531371 0.670717 0.675779
0.678310 3.62589 1.33411 0.664687 4.1006 0.847013 0.831828 3.06676 1.99411 0.686726 3.96394 1.495 0.764607 2.92853 1.03445 0.490005 0.675779 0.680841
0.684006 3.46607 1.32129 0.615525 3.93747 0.850413 0.78329 2.91083 1.93629 0.649102 3.7878 1.48386 0.709893 2.80235 1.01484 0.446688 0.680841 0.687170
0.690967 3.25803 1.29425 0.549548 3.70976 0.88406 0.693201 2.72597 1.89101 0.577036 3.56922 1.42667 0.642563 2.61607 0.966404 0.39623 0.687170 0.694764
0.698560 3.05145 1.2024 0.476382 3.48122 0.882242 0.613514 2.54525 1.80382 0.537785 3.34266 1.28682 0.565432 2.45071 0.890881 0.377701 0.694764 0.702357
0.706154 2.85373 1.20541 0.43073 3.26172 0.868814 0.557866 2.37317 1.65608 0.494851 3.12936 1.29665 0.494008 2.2851 0.846729 0.327841 0.702357 0.709951
0.713748 2.68507 1.11082 0.372722 3.07917 0.871496 0.497096 2.22088 1.62445 0.467683 2.9569 1.21385 0.443845 2.12429 0.820393 0.274389 0.709951 0.717545
0.721342 2.52807 1.02714 0.337028 2.90016 0.852973 0.420903 2.0898 1.56304 0.429618 2.7874 1.14258 0.380067 1.99307 0.791728 0.250513 0.717545 0.725139
0.728935 2.38616 0.988428 0.284261 2.74326 0.833925 0.38146 1.96555 1.49027 0.415726 2.63235 1.10166 0.331385 1.8783 0.757471 0.224766 0.725139 0.732732
0.736529 2.25692 0.954447 0.263017 2.60604 0.848771 0.331748 1.8457 1.38959 0.39228 2.49184 1.07669 0.310452 1.77227 0.704891 0.199863 0.732732 0.740326
0.744123 2.12578 0.908934 0.23655 2.45473 0.802803 0.305937 1.73833 1.28914 0.377793 2.35265 1.02654 0.293167 1.65776 0.696472 0.195379 0.740326 0.747920
0.751717 2.02028 0.880835 0.209497 2.34074 0.862626 0.269593 1.64282 1.20869 0.374133 2.2331 1.0136 0.259242 1.58123 0.630038 0.201432 0.747920 0.755513
0.759310 1.91306 0.849059 0.215784 2.21784 0.861756 0.249645 1.55407 1.13979 0.364841 2.12085 0.98242 0.229841 1.4844 0.599105 0.187567 0.755513 0.763107
0.766904 1.82864 0.849731 0.235103 2.12261 0.811509 0.240031 1.48239 1.08453 0.353786 2.02704 0.926842 0.227087 1.41936 0.612275 0.209878 0.763107 0.770701
0.774498 1.73847 0.836974 0.226627 2.02054 0.757222 0.238868 1.40623 1.02043 0.341718 1.93206 0.922216 0.244459 1.3391 0.578066 0.201988 0.770701 0.778295
0.782092 1.66054 0.832334 0.227968 1.93639 0.753732 0.233977 1.33563 0.971847 0.333597 1.84658 0.928728 0.241157 1.27675 0.564098 0.182739 0.778295 0.785888
0.789685 1.58625 0.802899 0.228031 1.84613 0.751622 0.201019 1.28014 0.902319 0.342956 1.77018 0.910257 0.25293 1.2068 0.506944 0.185716 0.785888 0.793482
0.797279 1.51797 0.772291 0.226526 1.7707 0.717296 0.20735 1.2203 0.831103 0.336208 1.69341 0.879885 0.262716 1.15605 0.477645 0.191462 0.793482 0.801076
0.804873 1.45457 0.719531 0.235095 1.71269 0.676195 0.219955 1.15054 0.800718 0.316659 1.62818 0.848333 0.264551 1.09641 0.447935 0.179553 0.801076 0.808670
0.812467 1.39224 0.664365 0.240504 1.64232 0.638114 0.21891 1.09769 0.741827 0.312308 1.55782 0.799521 0.270524 1.05065 0.418892 0.187841 0.808670 0.816263
0.820060 1.33332 0.636796 0.23308 1.58355 0.632565 0.226777 1.03859 0.713955 0.295093 1.49065 0.774748 0.264625 1.00876 0.382552 0.194996 0.816263 0.823857
0.827654 1.28306 0.57495 0.231838 1.52823 0.607004 0.218406 0.994292 0.640923 0.292827 1.4396 0.70099 0.266409 0.960116 0.373229 0.193836 0.823857 0.831451
0.835248 1.23349 0.528869 0.228839 1.47587 0.584639 0.220498 0.948005 0.604454 0.278282 1.38758 0.652064 0.261611 0.91562 0.364245 0.190635 0.831451 0.839045
0.842842 1.19269 0.496212 0.232866 1.43909 0.572492 0.234555 0.902471 0.56311 0.262977 1.344 0.595737 0.2576 0.880549 0.359968 0.186808 0.839045 0.846639
0.850435 1.14554 0.474507 0.224097 1.38684 0.558412 0.232128 0.861324 0.51207 0.254427 1.29512 0.55825 0.244428 0.836967 0.332977 0.177121 0.846639 0.854232
0.858029 1.10204 0.484103 0.208126 1.35166 0.540019 0.230264 0.808026 0.494776 0.232194 1.24559 0.527876 0.235557 0.8059 0.342286 0.175098 0.854232 0.861826
0.865623 1.06289 0.467933 0.198382 1.31243 0.531241 0.228596 0.768965 0.467515 0.220297 1.20385 0.525172 0.22332 0.772084 0.315348 0.166818 0.861826 0.869420
0.873217 1.02427 0.458833 0.194278 1.27759 0.522859 0.234029 0.725886 0.437576 0.207645 1.16437 0.491683 0.218759 0.735235 0.32447 0.159371 0.869420 0.877014
0.880810 0.987242 0.453605 0.187546 1.24693 0.520838 0.236885 0.68137 0.415809 0.199191 1.1243 0.491716 0.214517 0.704493 0.314618 0.154071 0.877014 0.884607
0.888404 0.954274 0.443159 0.183711 1.21751 0.500844 0.235931 0.644224 0.406489 0.189304 1.08807 0.5068 0.21127 0.678251 0.293568 0.153133 0.884607 0.892201
0.895998 0.924369 0.42424 0.1861 1.19289 0.488992 0.241238 0.608098 0.36863 0.182935 1.05442 0.485204 0.212822 0.656085 0.273645 0.152079 0.892201 0.899795
0.903592 0.894013 0.404611 0.183025 1.16725 0.499763 0.247392 0.572186 0.353066 0.176922 1.02354 0.469394 0.21805 0.626801 0.259595 0.147147 0.899795 0.907389
0.911185 0.862624 0.391304 0.183547 1.13783 0.519715 0.245423 0.538468 0.33122 0.16455 0.991107 0.457071 0.213266 0.597571 0.243197 0.141941 0.907389 0.914982
0.918779 0.837124 0.370055 0.188019 1.11503 0.49527 0.2436 0.509792 0.312414 0.158183 0.961957 0.433614 0.215866 0.579601 0.220745 0.144828 0.914982 0.922576
0.926373 0.808375 0.352947 0.188319 1.09045 0.499958 0.244321 0.476133 0.301223 0.151091 0.932587 0.411156 0.213043 0.552132 0.210122 0.141903 0.922576 0.930170
0.933967 0.784062 0.32445 0.177684 1.07088 0.485112 0.252436 0.446238 0.275199 0.147692 0.908108 0.391597 0.203144 0.528161 0.18385 0.145296 0.930170 0.937763
0.941560 0.755739 0.309679 0.184948 1.04853 0.462145 0.254295 0.410876 0.263441 0.140319 0.87511 0.378792 0.205039 0.509484 0.171079 0.146092 0.937763 0.945357
0.949154 0.732028 0.305511 0.185472 1.02646 0.482456 0.254645 0.385233 0.241865 0.13867 0.850684 0.365207 0.206268 0.487247 0.16521 0.137494 0.945357 0.952951
0.956748 0.713003 0.302748 0.181345 1.01938 0.487454 0.266478 0.352135 0.235477 0.131304 0.83063 0.352593 0.202938 0.470348 0.159765 0.136461 0.952951 0.960545
0.964342 0.691722 0.292472 0.179524 1.00891 0.48051 0.274094 0.318121 0.223005 0.126081 0.807992 0.338421 0.202252 0.451864 0.164531 0.133209 0.960545 0.968138
0.971935 0.669536 0.279935 0.175725 0.995557 0.479691 0.274171 0.285533 0.220172 0.116863 0.782759 0.34266 0.199665 0.435963 0.157776 0.129563 0.968138 0.975732
0.979529 0.652197 0.277152 0.169548 0.996544 0.485318 0.274665 0.246608 0.204481 0.109463 0.762133 0.325619 0.196256 0.425404 0.149417 0.13029 0.975732 0.983326
0.987123 0.628378 0.266886 0.165719 1.02413 0.464264 0.289525 0.162245 0.144381 0.0850342 0.736307 0.313944 0.186501 0.405725 0.151418 0.124444 0.983326 0.990920
0.994717 0 0 0 0 0 0 0 0 0 0 0 0 0 0 0 0.990920 0.998514
1.000412 0 0 0 0 0 0 0 0 0 0 0 0 0 0 0 0.998514 1.002310
