#Peak halo mass range: 14.625 < log10(Mh/Msun) < 14.875
#Quenched threshold: True SFR / True SM < 1e-11 / yr
#True SFHs in units of Msun/yr.
#See documentation for explanation of true vs. observed SFRs and SMs.
#Bestfit halos in bin: 10
#Bestfit SF halos in bin: 0
#Bestfit Q halos in bin: 10
#Bestfit central halos in bin: 10
#Bestfit satellite halos in bin: 0
#Avg_scale_factor <SFH_all> Err+ Err- <SFH_SF> Err+ Err- <SFH_Q> Err+ Err- <SFH_Cen> Err+ Err- <SFH_Sat> Err+ Err- Scale_factor_begin Scale_factor_end
0.028936 0 0 0 0 0 0 0 0 0 0 0 0 0 0 0 0.000000 0.057873
0.059561 0.182635 0.0537012 0.180775 0 0 0 0.182635 0.0537012 0.180775 0.182635 0.0537012 0.180775 0 0 0 0.057873 0.061248
0.062373 2.90854 2.86719 2.81258 0 0 0 2.90854 2.86719 2.81258 2.90854 2.86719 2.81258 0 0 0 0.061248 0.063498
0.064623 4.23011 2.48807 4.02741 0 0 0 4.23011 2.48807 4.02741 4.23011 2.48807 4.02741 0 0 0 0.063498 0.065748
0.066873 5.55246 1.71568 5.16763 0 0 0 5.55246 1.71568 5.16763 5.55246 1.71568 5.16763 0 0 0 0.065748 0.067998
0.069123 8.11862 4.00076 7.268 0 0 0 8.11862 4.00076 7.268 8.11862 4.00076 7.268 0 0 0 0.067998 0.070248
0.071373 9.75257 4.36704 8.2951 0 0 0 9.75257 4.36704 8.2951 9.75257 4.36704 8.2951 0 0 0 0.070248 0.072498
0.073623 16.2625 3.64348 13.2787 0 0 0 16.2625 3.64348 13.2787 16.2625 3.64348 13.2787 0 0 0 0.072498 0.074748
0.075873 14.4542 5.84029 10.5145 0 0 0 14.4542 5.84029 10.5145 14.4542 5.84029 10.5145 0 0 0 0.074748 0.076998
0.078123 14.5978 7.60251 10.0985 0 0 0 14.5978 7.60251 10.0985 14.5978 7.60251 10.0985 0 0 0 0.076998 0.079248
0.080373 15.0221 8.14317 9.57829 0 0 0 15.0221 8.14317 9.57829 15.0221 8.14317 9.57829 0 0 0 0.079248 0.081498
0.082904 17.2041 8.59275 10.4891 0 0 0 17.2041 8.59275 10.4891 17.2041 8.59275 10.4891 0 0 0 0.081498 0.084311
0.085998 44.5315 24.4133 30.1111 0 0 0 44.5315 24.4133 30.1111 44.5315 24.4133 30.1111 0 0 0 0.084311 0.087685
0.089373 139.397 16.4018 107.356 0 0 0 139.397 16.4018 107.356 139.397 16.4018 107.356 0 0 0 0.087685 0.091061
0.092748 109.483 -6.99024 85.4911 0 0 0 109.483 -6.99024 85.4911 109.483 -6.99024 85.4911 0 0 0 0.091061 0.094435
0.096123 47.3578 49.6495 12.353 0 0 0 47.3578 49.6495 12.353 47.3578 49.6495 12.353 0 0 0 0.094435 0.097811
0.099498 103.216 17.8429 62.6098 0 0 0 103.216 17.8429 62.6098 103.216 17.8429 62.6098 0 0 0 0.097811 0.101186
0.102873 87.0998 34.1148 45.1947 0 0 0 87.0998 34.1148 45.1947 87.0998 34.1148 45.1947 0 0 0 0.101186 0.104560
0.106248 90.9309 45.7085 39.7348 0 0 0 90.9309 45.7085 39.7348 90.9309 45.7085 39.7348 0 0 0 0.104560 0.107936
0.109623 117.321 47.8749 54.0743 0 0 0 117.321 47.8749 54.0743 117.321 47.8749 54.0743 0 0 0 0.107936 0.111310
0.112998 109.857 60.2208 42.6783 0 0 0 109.857 60.2208 42.6783 109.857 60.2208 42.6783 0 0 0 0.111310 0.114686
0.116373 133.939 83.7247 51.1013 0 0 0 133.939 83.7247 51.1013 133.939 83.7247 51.1013 0 0 0 0.114686 0.118060
0.119748 160.537 117.343 53.0455 0 0 0 160.537 117.343 53.0455 160.537 117.343 53.0455 0 0 0 0.118060 0.121435
0.123123 180.332 109.496 54.7853 0 0 0 180.332 109.496 54.7853 180.332 109.496 54.7853 0 0 0 0.121435 0.124811
0.126498 178.418 109.239 53.2199 0 0 0 178.418 109.239 53.2199 178.418 109.239 53.2199 0 0 0 0.124811 0.128185
0.129873 181.366 105.365 53.0951 0 0 0 181.366 105.365 53.0951 181.366 105.365 53.0951 0 0 0 0.128185 0.131561
0.133248 181.62 122.879 38.4755 0 0 0 181.62 122.879 38.4755 181.62 122.879 38.4755 0 0 0 0.131561 0.134935
0.137045 236.559 100.882 71.3651 0 0 0 236.559 100.882 71.3651 236.559 100.882 71.3651 0 0 0 0.134935 0.139154
0.141685 291.338 139.937 81.8344 0 0 0 291.338 139.937 81.8344 291.338 139.937 81.8344 0 0 0 0.139154 0.144217
0.146748 453.54 143.226 159.856 0 0 0 453.54 143.226 159.856 453.54 143.226 159.856 0 0 0 0.144217 0.149279
0.151810 479.932 112.995 158.918 0 0 0 479.932 112.995 158.918 479.932 112.995 158.918 0 0 0 0.149279 0.154342
0.156873 522.57 108.319 162.544 0 0 0 522.57 108.319 162.544 522.57 108.319 162.544 0 0 0 0.154342 0.159404
0.161935 742.685 229.485 233.611 0 0 0 742.685 229.485 233.611 742.685 229.485 233.611 0 0 0 0.159404 0.164467
0.166998 1048.28 248.721 358.614 0 0 0 1048.28 248.721 358.614 1048.28 248.721 358.614 0 0 0 0.164467 0.169529
0.172060 741.477 203.481 100.856 0 0 0 741.477 203.481 100.856 741.477 203.481 100.856 0 0 0 0.169529 0.174591
0.177123 645.162 205.906 175.688 0 0 0 645.162 205.906 175.688 645.162 205.906 175.688 0 0 0 0.174591 0.179654
0.182185 549.715 200.1 137.765 0 0 0 549.715 200.1 137.765 549.715 200.1 137.765 0 0 0 0.179654 0.184716
0.187248 516.601 242.55 115.071 0 0 0 516.601 242.55 115.071 516.601 242.55 115.071 0 0 0 0.184716 0.189779
0.192310 509.419 230.431 152.027 0 0 0 509.419 230.431 152.027 509.419 230.431 152.027 0 0 0 0.189779 0.194842
0.197373 521.018 268.037 146.415 0 0 0 521.018 268.037 146.415 521.018 268.037 146.415 0 0 0 0.194842 0.199904
0.202435 555.756 258.956 140.325 0 0 0 555.756 258.956 140.325 555.756 258.956 140.325 0 0 0 0.199904 0.204967
0.207498 529.46 222.771 132.901 0 0 0 529.46 222.771 132.901 529.46 222.771 132.901 0 0 0 0.204967 0.210029
0.212560 509.275 248.241 87.2266 0 0 0 509.275 248.241 87.2266 509.275 248.241 87.2266 0 0 0 0.210029 0.215091
0.217623 537.565 217.351 121.489 0 0 0 537.565 217.351 121.489 537.565 217.351 121.489 0 0 0 0.215091 0.220154
0.222685 477.416 226.362 106.833 0 0 0 477.416 226.362 106.833 477.416 226.362 106.833 0 0 0 0.220154 0.225217
0.227748 412.521 211.188 93.0941 0 0 0 412.521 211.188 93.0941 412.521 211.188 93.0941 0 0 0 0.225217 0.230279
0.232810 364.841 207.406 70.2749 0 0 0 364.841 207.406 70.2749 364.841 207.406 70.2749 0 0 0 0.230279 0.235342
0.237873 351.517 229.965 63.1704 0 0 0 351.517 229.965 63.1704 351.517 229.965 63.1704 0 0 0 0.235342 0.240404
0.242935 307.641 228.903 63.676 0 0 0 307.641 228.903 63.676 307.641 228.903 63.676 0 0 0 0.240404 0.245467
0.247998 312.136 218.652 70.5364 0 0 0 312.136 218.652 70.5364 312.136 218.652 70.5364 0 0 0 0.245467 0.250529
0.253060 305.17 186.915 79.9942 0 0 0 305.17 186.915 79.9942 305.17 186.915 79.9942 0 0 0 0.250529 0.255592
0.258123 311.477 180.097 82.825 0 0 0 311.477 180.097 82.825 311.477 180.097 82.825 0 0 0 0.255592 0.260654
0.263185 291.503 156.331 92.2139 0 0 0 291.503 156.331 92.2139 291.503 156.331 92.2139 0 0 0 0.260654 0.265716
0.268248 269.379 141.987 104.766 0 0 0 269.379 141.987 104.766 269.379 141.987 104.766 0 0 0 0.265716 0.270779
0.273310 312.198 136.664 126.766 0 0 0 312.198 136.664 126.766 312.198 136.664 126.766 0 0 0 0.270779 0.275842
0.278373 292.246 128.678 123.845 0 0 0 292.246 128.678 123.845 292.246 128.678 123.845 0 0 0 0.275842 0.280904
0.283435 249.322 144.637 94.2579 0 0 0 249.322 144.637 94.2579 249.322 144.637 94.2579 0 0 0 0.280904 0.285967
0.288498 279.204 145.091 103.948 0 0 0 279.204 145.091 103.948 279.204 145.091 103.948 0 0 0 0.285967 0.291029
0.293560 266.835 139.46 86.5998 0 0 0 266.835 139.46 86.5998 266.835 139.46 86.5998 0 0 0 0.291029 0.296091
0.298623 266.502 140.163 87.6196 0 0 0 266.502 140.163 87.6196 266.502 140.163 87.6196 0 0 0 0.296091 0.301154
0.303685 277.299 148.547 89.8442 0 0 0 277.299 148.547 89.8442 277.299 148.547 89.8442 0 0 0 0.301154 0.306217
0.308748 217.89 110.283 65.7921 0 0 0 217.89 110.283 65.7921 217.89 110.283 65.7921 0 0 0 0.306217 0.311279
0.313810 217.827 80.242 79.0784 0 0 0 217.827 80.242 79.0784 217.827 80.242 79.0784 0 0 0 0.311279 0.316341
0.318873 192.552 76.2587 69.9571 0 0 0 192.552 76.2587 69.9571 192.552 76.2587 69.9571 0 0 0 0.316341 0.321404
0.323935 175.178 73.9615 72.531 0 0 0 175.178 73.9615 72.531 175.178 73.9615 72.531 0 0 0 0.321404 0.326466
0.328997 143.155 65.9853 59.5205 0 0 0 143.155 65.9853 59.5205 143.155 65.9853 59.5205 0 0 0 0.326466 0.331528
0.334060 132.643 57.3099 63.7943 0 0 0 132.643 57.3099 63.7943 132.643 57.3099 63.7943 0 0 0 0.331528 0.336591
0.339122 147.203 49.5245 70.4105 0 0 0 147.203 49.5245 70.4105 147.203 49.5245 70.4105 0 0 0 0.336591 0.341653
0.344185 160.655 43.9251 72.4821 0 0 0 160.655 43.9251 72.4821 160.655 43.9251 72.4821 0 0 0 0.341653 0.346716
0.349247 141.805 33.1147 77.1076 0 0 0 141.805 33.1147 77.1076 141.805 33.1147 77.1076 0 0 0 0.346716 0.351779
0.354310 140.592 30.2999 81.6622 0 0 0 140.592 30.2999 81.6622 140.592 30.2999 81.6622 0 0 0 0.351779 0.356841
0.359372 152.988 27.48 84.0799 0 0 0 152.988 27.48 84.0799 152.988 27.48 84.0799 0 0 0 0.356841 0.361903
0.364435 129.567 29.4504 71.0096 0 0 0 129.567 29.4504 71.0096 129.567 29.4504 71.0096 0 0 0 0.361903 0.366966
0.369497 114.587 30.3098 63.4562 0 0 0 114.587 30.3098 63.4562 114.587 30.3098 63.4562 0 0 0 0.366966 0.372028
0.374560 100.305 39.9726 49.5701 0 0 0 100.305 39.9726 49.5701 100.305 39.9726 49.5701 0 0 0 0.372028 0.377091
0.379622 96.1127 37.8258 44.9571 0 0 0 96.1127 37.8258 44.9571 96.1127 37.8258 44.9571 0 0 0 0.377091 0.382154
0.384685 92.4734 27.3653 44.2005 0 0 0 92.4734 27.3653 44.2005 92.4734 27.3653 44.2005 0 0 0 0.382154 0.387216
0.389747 87.9863 25.304 42.7226 0 0 0 87.9863 25.304 42.7226 87.9863 25.304 42.7226 0 0 0 0.387216 0.392278
0.394810 88.8918 17.2743 45.0681 0 0 0 88.8918 17.2743 45.0681 88.8918 17.2743 45.0681 0 0 0 0.392278 0.397341
0.399872 87.0137 16.7022 45.959 0 0 0 87.0137 16.7022 45.959 87.0137 16.7022 45.959 0 0 0 0.397341 0.402404
0.404935 83.6313 12.759 45.4343 0 0 0 83.6313 12.759 45.4343 83.6313 12.759 45.4343 0 0 0 0.402404 0.407466
0.409997 76.5657 14.2183 41.9246 0 0 0 76.5657 14.2183 41.9246 76.5657 14.2183 41.9246 0 0 0 0.407466 0.412529
0.415060 76.8081 16.0893 39.9498 0 0 0 76.8081 16.0893 39.9498 76.8081 16.0893 39.9498 0 0 0 0.412529 0.417591
0.420122 73.7427 15.5072 36.9822 0 0 0 73.7427 15.5072 36.9822 73.7427 15.5072 36.9822 0 0 0 0.417591 0.422653
0.425185 64.482 17.7296 32.3373 0 0 0 64.482 17.7296 32.3373 64.482 17.7296 32.3373 0 0 0 0.422653 0.427716
0.430247 59.4642 13.1734 31.8356 0 0 0 59.4642 13.1734 31.8356 59.4642 13.1734 31.8356 0 0 0 0.427716 0.432779
0.435310 51.6716 14.3107 27.3727 0 0 0 51.6716 14.3107 27.3727 51.6716 14.3107 27.3727 0 0 0 0.432779 0.437841
0.440372 46.5751 18.5886 20.0637 0 0 0 46.5751 18.5886 20.0637 46.5751 18.5886 20.0637 0 0 0 0.437841 0.442903
0.445435 46.5326 26.496 22.1241 0 0 0 46.5326 26.496 22.1241 46.5326 26.496 22.1241 0 0 0 0.442903 0.447966
0.450497 44.231 24.0255 21.8535 0 0 0 44.231 24.0255 21.8535 44.231 24.0255 21.8535 0 0 0 0.447966 0.453029
0.455560 40.0285 26.3099 16.9804 0 0 0 40.0285 26.3099 16.9804 40.0285 26.3099 16.9804 0 0 0 0.453029 0.458091
0.460622 43.1178 19.4366 20.308 0 0 0 43.1178 19.4366 20.308 43.1178 19.4366 20.308 0 0 0 0.458091 0.463154
0.465685 41.7683 17.5628 20.5561 0 0 0 41.7683 17.5628 20.5561 41.7683 17.5628 20.5561 0 0 0 0.463154 0.468216
0.470747 42.559 12.6648 21.4266 0 0 0 42.559 12.6648 21.4266 42.559 12.6648 21.4266 0 0 0 0.468216 0.473278
0.475810 37.0952 14.8447 17.3322 0 0 0 37.0952 14.8447 17.3322 37.0952 14.8447 17.3322 0 0 0 0.473278 0.478341
0.480872 35.994 17.7476 15.8218 0 0 0 35.994 17.7476 15.8218 35.994 17.7476 15.8218 0 0 0 0.478341 0.483404
0.485935 33.8917 12.4862 16.3911 0 0 0 33.8917 12.4862 16.3911 33.8917 12.4862 16.3911 0 0 0 0.483404 0.488466
0.490997 32.7501 13.3507 14.8329 0 0 0 32.7501 13.3507 14.8329 32.7501 13.3507 14.8329 0 0 0 0.488466 0.493528
0.496060 29.4287 16.7601 11.5902 0 0 0 29.4287 16.7601 11.5902 29.4287 16.7601 11.5902 0 0 0 0.493528 0.498591
0.501122 29.0036 15.6308 12.5794 0 0 0 29.0036 15.6308 12.5794 29.0036 15.6308 12.5794 0 0 0 0.498591 0.503654
0.506185 28.3371 12.4113 11.2177 0 0 0 28.3371 12.4113 11.2177 28.3371 12.4113 11.2177 0 0 0 0.503654 0.508716
0.511247 32.0723 11.9971 13.3118 0 0 0 32.0723 11.9971 13.3118 32.0723 11.9971 13.3118 0 0 0 0.508716 0.513778
0.516310 31.4315 12.4599 13.8533 0 0 0 31.4315 12.4599 13.8533 31.4315 12.4599 13.8533 0 0 0 0.513778 0.518841
0.521372 30.3813 12.7658 13.2273 0 0 0 30.3813 12.7658 13.2273 30.3813 12.7658 13.2273 0 0 0 0.518841 0.523903
0.526435 29.5325 11.7027 13.44 0 0 0 29.5325 11.7027 13.44 29.5325 11.7027 13.44 0 0 0 0.523903 0.528966
0.531497 25.919 11.2083 11.5537 0 0 0 25.919 11.2083 11.5537 25.919 11.2083 11.5537 0 0 0 0.528966 0.534029
0.536560 23.8499 11.9738 8.95464 0 0 0 23.8499 11.9738 8.95464 23.8499 11.9738 8.95464 0 0 0 0.534029 0.539091
0.541622 19.3336 12.5927 5.70063 0 0 0 19.3336 12.5927 5.70063 19.3336 12.5927 5.70063 0 0 0 0.539091 0.544153
0.546685 17.2554 13.6492 5.1096 0 0 0 17.2554 13.6492 5.1096 17.2554 13.6492 5.1096 0 0 0 0.544153 0.549216
0.551747 15.4498 11.7522 5.35674 0 0 0 15.4498 11.7522 5.35674 15.4498 11.7522 5.35674 0 0 0 0.549216 0.554278
0.556810 16.9559 11.8247 6.23782 0 0 0 16.9559 11.8247 6.23782 16.9559 11.8247 6.23782 0 0 0 0.554278 0.559341
0.561872 16.3045 10.1948 6.3556 0 0 0 16.3045 10.1948 6.3556 16.3045 10.1948 6.3556 0 0 0 0.559341 0.564404
0.566935 15.9832 8.52727 6.26274 0 0 0 15.9832 8.52727 6.26274 15.9832 8.52727 6.26274 0 0 0 0.564404 0.569466
0.571997 14.8428 8.1418 6.03489 0 0 0 14.8428 8.1418 6.03489 14.8428 8.1418 6.03489 0 0 0 0.569466 0.574528
0.577060 15.0287 8.04727 6.18125 0 0 0 15.0287 8.04727 6.18125 15.0287 8.04727 6.18125 0 0 0 0.574528 0.579592
0.582123 13.8593 7.89281 5.36784 0 0 0 13.8593 7.89281 5.36784 13.8593 7.89281 5.36784 0 0 0 0.579592 0.584654
0.587185 13.7065 7.03312 5.59079 0 0 0 13.7065 7.03312 5.59079 13.7065 7.03312 5.59079 0 0 0 0.584654 0.589717
0.592248 12.2506 6.74213 4.59159 0 0 0 12.2506 6.74213 4.59159 12.2506 6.74213 4.59159 0 0 0 0.589717 0.594779
0.597310 11.9122 4.58404 5.35538 0 0 0 11.9122 4.58404 5.35538 11.9122 4.58404 5.35538 0 0 0 0.594779 0.599841
0.602373 11.4841 5.83841 4.42907 0 0 0 11.4841 5.83841 4.42907 11.4841 5.83841 4.42907 0 0 0 0.599841 0.604904
0.607435 11.3687 4.71396 4.80436 0 0 0 11.3687 4.71396 4.80436 11.3687 4.71396 4.80436 0 0 0 0.604904 0.609967
0.612498 11.0781 4.92082 4.88839 0 0 0 11.0781 4.92082 4.88839 11.0781 4.92082 4.88839 0 0 0 0.609967 0.615029
0.617560 11.8359 3.73705 5.25073 0 0 0 11.8359 3.73705 5.25073 11.8359 3.73705 5.25073 0 0 0 0.615029 0.620092
0.622623 10.6538 3.41656 4.75567 0 0 0 10.6538 3.41656 4.75567 10.6538 3.41656 4.75567 0 0 0 0.620092 0.625154
0.627685 8.77697 2.83028 3.76074 0 0 0 8.77697 2.83028 3.76074 8.77697 2.83028 3.76074 0 0 0 0.625154 0.630216
0.632748 8.79455 2.85938 3.48328 0 0 0 8.79455 2.85938 3.48328 8.79455 2.85938 3.48328 0 0 0 0.630216 0.635279
0.637810 8.08684 2.29935 3.26305 0 0 0 8.08684 2.29935 3.26305 8.08684 2.29935 3.26305 0 0 0 0.635279 0.640342
0.642873 7.13558 2.14276 2.46421 0 0 0 7.13558 2.14276 2.46421 7.13558 2.14276 2.46421 0 0 0 0.640342 0.645404
0.647935 5.7352 1.93819 2.01232 0 0 0 5.7352 1.93819 2.01232 5.7352 1.93819 2.01232 0 0 0 0.645404 0.650466
0.652998 3.2319 1.70415 0.93795 0 0 0 3.2319 1.70415 0.93795 3.2319 1.70415 0.93795 0 0 0 0.650466 0.655529
0.658060 2.53712 1.53166 0.66029 0 0 0 2.53712 1.53166 0.66029 2.53712 1.53166 0.66029 0 0 0 0.655529 0.660591
0.663123 2.8543 1.32203 0.907031 0 0 0 2.8543 1.32203 0.907031 2.8543 1.32203 0.907031 0 0 0 0.660591 0.665654
0.668185 1.48776 0.827119 0.784441 0 0 0 1.48776 0.827119 0.784441 1.48776 0.827119 0.784441 0 0 0 0.665654 0.670717
0.673248 1.12659 0.666512 0.537013 0 0 0 1.12659 0.666512 0.537013 1.12659 0.666512 0.537013 0 0 0 0.670717 0.675779
0.678310 0.662498 0.385476 0.132451 0 0 0 0.662498 0.385476 0.132451 0.662498 0.385476 0.132451 0 0 0 0.675779 0.680841
0.684006 0.690058 0.335814 0.140514 0 0 0 0.690058 0.335814 0.140514 0.690058 0.335814 0.140514 0 0 0 0.680841 0.687170
0.690967 0 0 0 0 0 0 0 0 0 0 0 0 0 0 0 0.687170 0.694764
0.698560 0 0 0 0 0 0 0 0 0 0 0 0 0 0 0 0.694764 0.702357
0.706154 0 0 0 0 0 0 0 0 0 0 0 0 0 0 0 0.702357 0.709951
0.713748 0 0 0 0 0 0 0 0 0 0 0 0 0 0 0 0.709951 0.717545
0.721342 0 0 0 0 0 0 0 0 0 0 0 0 0 0 0 0.717545 0.725139
0.728935 0 0 0 0 0 0 0 0 0 0 0 0 0 0 0 0.725139 0.732732
0.736529 0 0 0 0 0 0 0 0 0 0 0 0 0 0 0 0.732732 0.740326
0.744123 0 0 0 0 0 0 0 0 0 0 0 0 0 0 0 0.740326 0.747920
0.751717 0 0 0 0 0 0 0 0 0 0 0 0 0 0 0 0.747920 0.755513
0.759310 0 0 0 0 0 0 0 0 0 0 0 0 0 0 0 0.755513 0.763107
0.766904 0 0 0 0 0 0 0 0 0 0 0 0 0 0 0 0.763107 0.770701
0.774498 0 0 0 0 0 0 0 0 0 0 0 0 0 0 0 0.770701 0.778295
0.782092 0 0 0 0 0 0 0 0 0 0 0 0 0 0 0 0.778295 0.785888
0.789685 0 0 0 0 0 0 0 0 0 0 0 0 0 0 0 0.785888 0.793482
0.797279 0 0 0 0 0 0 0 0 0 0 0 0 0 0 0 0.793482 0.801076
0.804873 0 0 0 0 0 0 0 0 0 0 0 0 0 0 0 0.801076 0.808670
0.812467 0 0 0 0 0 0 0 0 0 0 0 0 0 0 0 0.808670 0.816263
0.820060 0 0 0 0 0 0 0 0 0 0 0 0 0 0 0 0.816263 0.823857
0.827654 0 0 0 0 0 0 0 0 0 0 0 0 0 0 0 0.823857 0.831451
0.835248 0 0 0 0 0 0 0 0 0 0 0 0 0 0 0 0.831451 0.839045
0.842842 0 0 0 0 0 0 0 0 0 0 0 0 0 0 0 0.839045 0.846639
0.850435 0 0 0 0 0 0 0 0 0 0 0 0 0 0 0 0.846639 0.854232
0.858029 0 0 0 0 0 0 0 0 0 0 0 0 0 0 0 0.854232 0.861826
0.865623 0 0 0 0 0 0 0 0 0 0 0 0 0 0 0 0.861826 0.869420
0.873217 0 0 0 0 0 0 0 0 0 0 0 0 0 0 0 0.869420 0.877014
0.880810 0 0 0 0 0 0 0 0 0 0 0 0 0 0 0 0.877014 0.884607
0.888404 0 0 0 0 0 0 0 0 0 0 0 0 0 0 0 0.884607 0.892201
0.895998 0 0 0 0 0 0 0 0 0 0 0 0 0 0 0 0.892201 0.899795
0.903592 0 0 0 0 0 0 0 0 0 0 0 0 0 0 0 0.899795 0.907389
0.911185 0 0 0 0 0 0 0 0 0 0 0 0 0 0 0 0.907389 0.914982
0.918779 0 0 0 0 0 0 0 0 0 0 0 0 0 0 0 0.914982 0.922576
0.926373 0 0 0 0 0 0 0 0 0 0 0 0 0 0 0 0.922576 0.930170
0.933967 0 0 0 0 0 0 0 0 0 0 0 0 0 0 0 0.930170 0.937763
0.941560 0 0 0 0 0 0 0 0 0 0 0 0 0 0 0 0.937763 0.945357
0.949154 0 0 0 0 0 0 0 0 0 0 0 0 0 0 0 0.945357 0.952951
0.956748 0 0 0 0 0 0 0 0 0 0 0 0 0 0 0 0.952951 0.960545
0.964342 0 0 0 0 0 0 0 0 0 0 0 0 0 0 0 0.960545 0.968138
0.971935 0 0 0 0 0 0 0 0 0 0 0 0 0 0 0 0.968138 0.975732
0.979529 0 0 0 0 0 0 0 0 0 0 0 0 0 0 0 0.975732 0.983326
0.987123 0 0 0 0 0 0 0 0 0 0 0 0 0 0 0 0.983326 0.990920
0.994717 0 0 0 0 0 0 0 0 0 0 0 0 0 0 0 0.990920 0.998514
1.000412 0 0 0 0 0 0 0 0 0 0 0 0 0 0 0 0.998514 1.002310
