#Peak halo mass range: 12.875 < log10(Mh/Msun) < 13.125
#Quenched threshold: True SFR / True SM < 1e-11 / yr
#True SFHs in units of Msun/yr.
#See documentation for explanation of true vs. observed SFRs and SMs.
#Bestfit halos in bin: 5601
#Bestfit SF halos in bin: 179
#Bestfit Q halos in bin: 5422
#Bestfit central halos in bin: 4714
#Bestfit satellite halos in bin: 887
#Avg_scale_factor <SFH_all> Err+ Err- <SFH_SF> Err+ Err- <SFH_Q> Err+ Err- <SFH_Cen> Err+ Err- <SFH_Sat> Err+ Err- Scale_factor_begin Scale_factor_end
0.028936 0.00623804 0.000172928 0.00614839 0 0.000877646 0 0.00644398 -2.91108e-05 0.00635647 0.00666079 0 0.00657587 0.00399129 0.000889059 0.00397214 0.000000 0.057873
0.059561 0.0498539 0.0443345 0.0480664 0 0.00920348 0 0.0514998 0.0448864 0.0496514 0.0514257 0.0417393 0.0495677 0.0415007 0.0448489 0.0403495 0.057873 0.061248
0.062373 0.0859536 0.0543773 0.081776 4.00678e-05 0.0224059 4.00666e-05 0.0887899 0.0576535 0.0843961 0.0789099 0.0413392 0.0746352 0.123387 0.108124 0.118014 0.061248 0.063498
0.064623 0.189723 0.0729537 0.176146 0.00103785 0.109868 0.000738086 0.195952 0.0741284 0.181955 0.157828 0.0982316 0.144084 0.359231 0.0170065 0.335707 0.063498 0.065748
0.066873 0.26764 0.149764 0.236952 0.0256399 0.104214 0.0196039 0.275629 0.147254 0.244281 0.273602 0.132729 0.242525 0.235958 0.257036 0.204938 0.065748 0.067998
0.069123 0.342772 0.178256 0.286111 0.0532678 0.14697 0.0405673 0.352329 0.184225 0.293224 0.331881 0.167886 0.27776 0.400651 0.321064 0.334827 0.067998 0.070248
0.071373 0.443584 0.274747 0.355901 0.0802464 0.154503 0.056577 0.455579 0.284895 0.364974 0.422331 0.259717 0.341088 0.556534 0.299841 0.453527 0.070248 0.072498
0.073623 0.616497 0.307611 0.468682 0.166722 0.232863 0.113036 0.631346 0.309727 0.47977 0.623302 0.291939 0.475215 0.580331 0.382996 0.44683 0.072498 0.074748
0.075873 0.799905 0.379465 0.565889 0.344023 0.269607 0.236189 0.814955 0.382041 0.576778 0.808982 0.370751 0.575469 0.751664 0.401092 0.531312 0.074748 0.076998
0.078123 0.944764 0.377112 0.620408 0.660973 0.222626 0.480028 0.954133 0.400536 0.625874 0.935418 0.360578 0.619942 0.994433 0.631098 0.67082 0.076998 0.079248
0.080373 1.09228 0.363656 0.675329 0.759189 0.292117 0.516265 1.10328 0.382702 0.681095 1.05794 0.344111 0.66186 1.27477 0.478893 0.788095 0.079248 0.081498
0.082904 1.06776 0.367277 0.628499 0.688852 0.240048 0.44727 1.08027 0.391954 0.633481 1.02822 0.356313 0.608473 1.27787 0.403572 0.728731 0.081498 0.084311
0.085998 1.53265 0.566722 0.848643 0.92731 0.392359 0.545438 1.55263 0.564527 0.857411 1.50177 0.558427 0.830228 1.69678 0.567764 0.92864 0.084311 0.087685
0.089373 2.02489 0.653279 0.994757 1.0845 0.514083 0.55188 2.05594 0.665068 1.00683 1.98138 0.613958 0.973111 2.25617 0.774585 1.14275 0.087685 0.091061
0.092748 2.49263 0.839321 1.16787 1.29269 0.476143 0.627102 2.53224 0.854598 1.18249 2.40644 0.793668 1.13025 2.9507 0.955114 1.33943 0.091061 0.094435
0.096123 3.09419 0.960125 1.3537 1.79995 0.422155 0.865505 3.13692 0.973658 1.33101 2.97698 0.908417 1.29134 3.71709 1.08062 1.59345 0.094435 0.097811
0.099498 3.77028 1.08 1.54322 2.38198 0.602643 1.09861 3.81611 1.17324 1.51703 3.55574 1.09205 1.42581 4.91045 1.44578 2.15812 0.097811 0.101186
0.102873 4.33757 1.19318 1.60967 2.50681 0.601599 1.02223 4.39801 1.26104 1.62107 4.15938 1.18974 1.53372 5.28453 1.39736 2.14892 0.101186 0.104560
0.106248 4.99489 1.43194 1.73343 3.0462 0.932874 1.12621 5.05923 1.45419 1.76856 4.91654 1.42077 1.71921 5.41133 1.5815 1.84921 0.104560 0.107936
0.109623 5.61767 1.74609 1.86357 3.13269 1.02896 1.045 5.69971 1.82254 1.89997 5.5437 1.7248 1.83479 6.01076 1.96495 2.04845 0.107936 0.111310
0.112998 6.57823 1.83175 2.13182 3.73961 1.47605 1.22171 6.67195 1.88894 2.08603 6.45823 1.77757 2.07678 7.21598 2.06863 2.4465 0.111310 0.114686
0.116373 7.69608 2.02387 2.38429 3.82384 1.90224 1.09174 7.82392 2.05812 2.42902 7.53733 1.97715 2.29848 8.53976 2.14687 2.91682 0.114686 0.118060
0.119748 8.81709 2.14006 2.68868 4.86761 2.22759 1.28192 8.94748 2.25703 2.7613 8.55956 2.09158 2.49041 10.1857 2.69595 3.46164 0.118060 0.121435
0.123123 10.0733 2.52446 3.0398 6.53394 2.66884 1.6947 10.1901 2.60477 3.08457 9.68287 2.42976 2.80184 12.148 3.17542 3.97228 0.121435 0.124811
0.126498 11.5026 2.70417 3.45193 7.77122 3.25943 2.16881 11.6258 2.98129 3.42443 11.0044 2.60746 3.13067 14.1505 3.46617 4.70973 0.124811 0.128185
0.129873 13.0123 3.07219 4.04311 8.44004 3.40297 2.24996 13.1633 3.2149 3.99192 12.3979 3.02697 3.65834 16.2778 3.83207 5.42369 0.128185 0.131561
0.133248 13.867 3.28062 4.23404 9.81833 3.41026 2.90772 14.0006 3.37302 4.27069 13.4177 3.19602 4.02681 16.2544 3.9053 5.21988 0.131561 0.134935
0.137045 15.3018 3.55883 4.82714 10.9553 3.14819 3.43254 15.4453 3.59182 4.73924 14.9239 3.52548 4.63458 17.31 3.52877 5.45809 0.134935 0.139154
0.141685 17.4786 4.17693 5.43109 12.296 3.03334 4.20529 17.6497 4.237 5.48806 16.9951 4.08057 5.20367 20.0486 4.73069 6.43241 0.139154 0.144217
0.146748 19.9994 4.73347 6.29748 13.564 3.07021 4.54311 20.2118 4.85344 6.20648 19.5701 4.6889 6.18778 22.2806 5.48073 7.12787 0.144217 0.149279
0.151810 22.6398 5.40683 6.91383 14.1762 4.00098 4.44665 22.9192 5.37252 7.06958 22.0353 5.21496 6.83511 25.8526 6.35581 7.87735 0.149279 0.154342
0.156873 25.4663 5.7352 7.70608 19.5111 5.77227 6.76426 25.6629 5.84142 7.85867 24.7345 5.51043 7.46367 29.3558 7.9503 8.50324 0.154342 0.159404
0.161935 27.5336 6.5563 8.41437 20.0709 6.14216 6.81011 27.78 6.72647 8.48649 26.6586 6.33547 8.12889 32.1837 8.07375 9.81326 0.159404 0.164467
0.166998 30.6648 6.93427 9.44822 21.2102 6.76413 6.49215 30.9769 7.36697 9.40664 29.6676 6.6533 9.2575 35.9646 8.65106 10.5671 0.164467 0.169529
0.172060 34.5261 7.96097 10.3051 29.0369 9.26978 10.6811 34.7074 8.2629 10.2155 33.4106 7.7778 10.0509 40.4546 9.43284 11.7968 0.169529 0.174591
0.177123 37.8428 9.04416 10.8282 28.2759 8.09394 9.47059 38.1587 9.27183 10.9004 36.6682 8.94003 10.5861 44.0853 11.2363 12.1623 0.174591 0.179654
0.182185 41.0313 10.1924 11.7761 26.645 10.5275 6.66367 41.5063 10.2065 11.8713 39.544 9.85036 11.4632 48.936 12.9163 14.2998 0.179654 0.184716
0.187248 44.3408 10.8797 12.8452 27.0515 10.3842 6.61139 44.9116 10.7573 12.8939 42.6436 10.6791 12.4197 53.3607 14.8011 15.1143 0.184716 0.189779
0.192310 49.4378 12.6054 14.0414 30.2509 11.957 7.04121 50.0712 12.9523 14.1985 46.9928 11.9887 13.5575 62.4316 17.5947 17.2675 0.189779 0.194842
0.197373 53.976 14.8069 15.4937 34.0498 10.2782 10.2825 54.6338 15.1434 15.8085 51.1689 13.3441 14.4208 68.8938 18.3378 18.8323 0.194842 0.199904
0.202435 58.0036 15.5274 16.2893 36.5083 12.0432 11.0956 58.7132 15.5735 16.4819 55.454 14.8599 15.8958 71.5534 19.133 19.4151 0.199904 0.204967
0.207498 62.0889 15.9871 17.0666 40.5044 11.93 12.782 62.8016 16.4291 17.3863 59.7415 15.2483 16.6507 74.5645 22.8748 19.2504 0.204967 0.210029
0.212560 66.4801 17.6191 17.6203 42.8224 12.4318 13.366 67.2612 18.2288 17.6279 64.5547 16.9121 17.4841 76.7131 22.6198 18.4652 0.210029 0.215091
0.217623 70.1208 18.8795 17.4396 46.9778 16.0615 13.6811 70.8849 18.8595 17.8294 68.5186 18.0223 18.1676 78.6359 24.2415 17.752 0.215091 0.220154
0.222685 72.5137 19.5663 17.4317 51.5405 18.2731 15.0671 73.2061 19.8999 17.9681 71.1077 18.7392 17.1373 79.986 24.9669 17.6384 0.220154 0.225217
0.227748 75.5791 20.3011 17.7997 57.3533 20.8855 14.937 76.1808 21.2595 17.9311 74.2889 20.0229 17.9712 82.4362 25.8938 18.0169 0.225217 0.230279
0.232810 79.1974 22.2657 17.77 63.8955 22.963 16.547 79.7026 23.2472 18.027 77.7532 21.9615 17.5955 86.8727 25.6995 18.436 0.230279 0.235342
0.237873 82.958 24.4286 18.5362 69.4955 25.4595 16.9721 83.4024 25.1156 18.8338 81.8722 24.0582 18.5746 88.7283 25.4363 19.8307 0.235342 0.240404
0.242935 86.2095 24.2129 18.6925 70.8818 21.6529 19.0369 86.7156 24.0528 19.0106 84.8728 23.8368 18.2945 93.3134 26.9423 19.2437 0.240404 0.245467
0.247998 88.7884 24.0973 19.0142 73.9791 22.134 18.6145 89.2773 24.2201 18.6277 87.4834 24.0136 18.8779 95.7237 28.9982 18.8649 0.245467 0.250529
0.253060 90.4647 23.9831 18.7698 72.7605 22.6219 17.334 91.0492 24.0855 18.6224 89.1182 24.0041 19.0151 97.6211 29.7444 19.1416 0.250529 0.255592
0.258123 92.1693 26.8475 18.6729 74.3028 22.4039 16.3392 92.7591 27.0304 18.5205 90.7689 25.5121 18.3456 99.6119 31.3889 19.4271 0.255592 0.260654
0.263185 92.7583 26.376 18.1798 78.4677 23.4834 15.1269 93.23 28.2476 18.1759 91.8529 24.7862 18.4103 97.57 32.8805 18.733 0.260654 0.265716
0.268248 94.4089 27.1825 18.5103 79.9591 25.4195 14.8785 94.8859 27.5758 18.2121 93.8619 25.9138 18.875 97.316 32.7985 19.036 0.265716 0.270779
0.273310 95.8884 28.3015 18.1686 82.268 28.8849 15.1641 96.3381 28.4581 18.1965 95.633 27.5729 18.324 97.2455 32.8425 17.7338 0.270779 0.275842
0.278373 95.7441 27.3381 18.1732 83.9157 30.5032 14.8039 96.1346 29.2248 18.889 95.846 27.0668 18.4672 95.2023 33.2922 16.7298 0.275842 0.280904
0.283435 94.6738 28.5911 18.5867 88.4872 33.2775 16.1688 94.878 29.9258 18.6603 94.7936 28.7734 18.31 94.037 33.0002 16.8501 0.280904 0.285967
0.288498 94.2454 29.1502 18.415 95.1731 33.7111 18.8251 94.2148 31.0204 18.5037 94.3615 29.7993 18.4566 93.6284 32.5884 17.5542 0.285967 0.291029
0.293560 92.4268 29.0219 17.7779 104.768 33.044 23.0444 92.0194 29.5419 17.5117 93.1208 29.1383 18.2684 88.739 32.7009 17.1435 0.291029 0.296091
0.298623 90.2906 30.4568 17.4847 109.322 32.9818 26.5105 89.6623 31.2933 16.9724 91.4543 30.124 17.9609 84.1061 32.1697 16.5102 0.296091 0.301154
0.303685 88.4913 30.8251 17.0401 114.211 31.9813 28.8815 87.6422 31.5865 16.7939 89.876 30.5025 17.3935 81.1321 32.3713 16.8769 0.301154 0.306217
0.308748 85.629 29.8408 16.8877 118.715 28.2679 32.6638 84.5367 30.1256 16.6855 87.3581 29.6509 17.1108 76.4393 31.5248 16.3465 0.306217 0.311279
0.313810 83.7768 29.7773 16.9381 123.476 27.4523 34.1068 82.4661 30.3056 16.5972 86.1691 29.5826 17.2875 71.0628 29.1112 16.1138 0.311279 0.316341
0.318873 80.3645 29.5535 16.5752 126.77 24.0694 38.1239 78.8325 29.8539 16.3745 83.1887 29.4396 17.1719 65.3552 27.7024 15.1547 0.316341 0.321404
0.323935 76.1363 28.9381 15.9105 120.181 26.9366 33.6384 74.6823 29.2477 15.7234 79.0369 29.12 16.5223 60.7211 27.6152 13.7476 0.321404 0.326466
0.328997 72.3602 27.986 15.1483 118.041 28.5287 31.5508 70.8521 26.9131 15.0205 75.3349 28.5822 15.6154 56.5512 25.9743 13.2297 0.326466 0.331528
0.334060 67.7701 26.1331 14.4513 115.888 27.466 32.7627 66.1816 25.6135 14.1366 70.7476 26.9298 14.8938 51.9466 25.167 11.7497 0.331528 0.336591
0.339122 63.5551 25.8342 14.0278 113.364 23.5578 34.0323 61.9108 25.4256 13.4928 66.474 26.213 14.2183 48.0428 24.6747 11.2488 0.336591 0.341653
0.344185 59.6122 25.3842 13.291 116.944 22.8977 36.0761 57.7194 24.8237 12.6287 62.4333 25.6893 13.6891 44.6194 21.9538 11.0383 0.341653 0.346716
0.349247 55.2546 23.2227 12.44 118.921 24.6559 37.4068 53.1527 22.9931 11.8498 58.0972 24.4461 12.8525 40.1473 20.8548 9.94906 0.346716 0.351779
0.354310 50.2124 21.6918 11.3232 115.275 23.5185 38.6073 48.0644 22.2744 10.7886 52.9703 21.5122 11.5775 35.5556 18.5357 8.86312 0.351779 0.356841
0.359372 45.7906 21.1326 10.1217 109.287 22.9487 33.8395 43.6943 21.4737 9.88122 48.4964 21.9225 10.6802 31.4101 17.3138 7.88621 0.356841 0.361903
0.364435 41.3111 19.562 9.41581 107.607 24.7401 34.7986 39.1224 19.2665 8.88315 43.8728 20.9022 9.975 27.6969 16.4777 6.99715 0.361903 0.366966
0.369497 37.3787 17.7159 8.66191 102.524 24.5544 34.3393 35.228 17.4614 8.10398 39.7083 18.3695 9.09263 24.998 14.4284 6.52075 0.366966 0.372028
0.374560 33.4107 16.7337 7.9284 94.7549 22.4953 32.0575 31.3855 15.9321 7.50349 35.5883 17.149 8.24978 21.8376 12.4519 6.16406 0.372028 0.377091
0.379622 29.94 15.8732 7.47157 90.007 24.1569 29.7418 27.957 15.3686 6.93018 32.1206 16.3802 7.90515 18.3512 11.197 4.88191 0.377091 0.382154
0.384685 26.4438 14.4762 6.66622 84.1616 20.4586 28.4455 24.5383 13.624 5.98832 28.3371 14.7987 7.18864 16.3813 9.89195 4.07887 0.382154 0.387216
0.389747 24.2407 13.2726 6.24179 79.5779 21.182 27.549 22.4139 12.2404 5.64094 26.051 13.7929 6.79398 14.6198 9.27893 3.62428 0.387216 0.392278
0.394810 21.1841 12.6123 5.50556 71.3023 22.2908 24.3427 19.5295 11.6594 4.97669 22.7437 13.0096 5.99282 12.8955 9.75113 3.24097 0.392278 0.397341
0.399872 18.3934 11.8501 4.82069 63.7426 22.085 22.7324 16.8963 10.6682 4.10739 19.7498 12.3922 5.24107 11.1852 8.29307 2.86375 0.397341 0.402404
0.404935 16.1972 10.7937 4.33638 59.743 19.2172 22.2811 14.7596 9.89272 3.67647 17.4001 11.3734 4.65352 9.80394 8.1446 2.44668 0.402404 0.407466
0.409997 14.0587 10.2669 3.74427 54.7911 19.9378 21.4171 12.714 9.1986 3.1105 15.1613 10.852 3.95321 8.19916 7.50208 2.24028 0.407466 0.412529
0.415060 11.9342 9.56071 3.14571 48.3363 20.8988 19.4424 10.7325 8.84912 2.66223 12.8773 9.99269 3.33828 6.92204 7.1777 2.01174 0.412529 0.417591
0.420122 10.0738 8.95861 2.63336 42.8869 22.2425 17.4943 8.99056 8.26226 2.12655 10.8777 9.51058 2.85435 5.80163 5.99846 1.78331 0.417591 0.422653
0.425185 8.95253 8.50598 2.43832 38.5575 20.1995 15.8976 7.97516 7.73551 2.16327 9.68387 9.21549 2.74636 5.06575 4.88737 1.52947 0.422653 0.427716
0.430247 7.92762 8.05926 2.25475 34.6774 20.6509 14.9165 7.04451 7.20631 1.97775 8.61296 8.56098 2.60096 4.28531 4.90858 1.39464 0.427716 0.432779
0.435310 6.79603 7.36841 2.02764 31.7239 20.39 13.6115 5.97308 6.44765 1.59632 7.37856 7.98614 2.18475 3.70017 4.32819 1.09596 0.432779 0.437841
0.440372 5.97702 7.00007 1.81051 28.4478 20.1169 13.0611 5.23518 5.9706 1.44166 6.41957 7.395 1.91131 3.62508 4.46274 1.07774 0.437841 0.442903
0.445435 5.19492 6.01737 1.55588 25.9169 18.937 12.8045 4.51082 5.31701 1.22612 5.57034 6.14692 1.66222 3.19976 4.28546 0.95795 0.442903 0.447966
0.450497 4.43765 5.68488 1.27449 24.7051 18.2682 12.5188 3.76855 4.8042 0.949802 4.71332 6.02487 1.39355 2.97264 3.66679 0.839235 0.447966 0.453029
0.455560 3.82867 5.24646 1.06908 25.1577 15.1772 12.5452 3.12452 4.39747 0.718818 4.00291 5.49825 1.14335 2.90261 3.93648 0.753515 0.453029 0.458091
0.460622 3.38631 4.75107 0.920298 24.3296 16.3028 11.8147 2.6949 3.79338 0.544659 3.48955 4.87903 0.994453 2.83768 3.80881 0.666945 0.458091 0.463154
0.465685 2.93961 4.47199 0.829436 21.2982 20.7662 11.5407 2.33352 3.49872 0.465067 3.07279 4.64668 0.837505 2.2318 3.55303 0.621823 0.463154 0.468216
0.470747 2.52901 4.05075 0.697728 18.5226 22.7612 9.94581 2.001 2.9645 0.393379 2.6656 4.40986 0.712603 1.80309 2.89783 0.413469 0.468216 0.473278
0.475810 2.16759 4.02255 0.553792 17.1679 24.1061 9.39227 1.67237 2.69802 0.308686 2.27786 4.29885 0.551324 1.58153 2.92295 0.513245 0.473278 0.478341
0.480872 1.87342 3.54757 0.438307 14.48 27.4801 7.54595 1.45723 2.24824 0.280909 1.99861 3.66812 0.493226 1.20805 2.80274 0.337316 0.478341 0.483404
0.485935 1.64711 3.65136 0.400351 13.5236 31.1105 7.18777 1.25502 1.7975 0.222432 1.74589 3.91122 0.428465 1.12213 2.20603 0.313015 0.483404 0.488466
0.490997 1.44266 3.04677 0.358666 13.2011 32.7972 7.3801 1.05447 1.57125 0.17412 1.49946 3.32174 0.363 1.14085 2.27474 0.347514 0.488466 0.493528
0.496060 1.27344 3.09179 0.325736 12.4048 34.1716 6.80302 0.905956 1.29101 0.155302 1.32057 3.36352 0.329533 1.02299 2.11568 0.2755 0.493528 0.498591
0.501122 1.13151 2.93097 0.303987 12.2612 38.3515 6.22323 0.764082 0.878714 0.152872 1.14383 3.28666 0.30599 1.06604 1.72541 0.288812 0.498591 0.503654
0.506185 0.987258 2.73616 0.275495 11.548 36.5121 5.94212 0.638608 0.565142 0.133628 0.987169 3.02906 0.278386 0.987734 1.66269 0.337633 0.503654 0.508716
0.511247 0.813196 2.47128 0.220803 10.127 34.7352 5.26906 0.505712 0.357079 0.0954214 0.805511 2.54844 0.207777 0.854035 1.43429 0.311821 0.508716 0.513778
0.516310 0.629187 2.15845 0.167655 8.00853 35.424 4.05787 0.385568 0.191017 0.065892 0.630483 2.23736 0.159988 0.622297 1.38859 0.250661 0.513778 0.518841
0.521372 0.52276 1.94599 0.159661 6.71762 35.218 3.39301 0.318245 0.100817 0.06866 0.546239 2.04565 0.160598 0.397982 1.43046 0.160908 0.518841 0.523903
0.526435 0 0 0 0 0 0 0 0 0 0 0 0 0 0 0 0.523903 0.528966
0.531497 0 0 0 0 0 0 0 0 0 0 0 0 0 0 0 0.528966 0.534029
0.536560 0 0 0 0 0 0 0 0 0 0 0 0 0 0 0 0.534029 0.539091
0.541622 0 0 0 0 0 0 0 0 0 0 0 0 0 0 0 0.539091 0.544153
0.546685 0 0 0 0 0 0 0 0 0 0 0 0 0 0 0 0.544153 0.549216
0.551747 0 0 0 0 0 0 0 0 0 0 0 0 0 0 0 0.549216 0.554278
0.556810 0 0 0 0 0 0 0 0 0 0 0 0 0 0 0 0.554278 0.559341
0.561872 0 0 0 0 0 0 0 0 0 0 0 0 0 0 0 0.559341 0.564404
0.566935 0 0 0 0 0 0 0 0 0 0 0 0 0 0 0 0.564404 0.569466
0.571997 0 0 0 0 0 0 0 0 0 0 0 0 0 0 0 0.569466 0.574528
0.577060 0 0 0 0 0 0 0 0 0 0 0 0 0 0 0 0.574528 0.579592
0.582123 0 0 0 0 0 0 0 0 0 0 0 0 0 0 0 0.579592 0.584654
0.587185 0 0 0 0 0 0 0 0 0 0 0 0 0 0 0 0.584654 0.589717
0.592248 0 0 0 0 0 0 0 0 0 0 0 0 0 0 0 0.589717 0.594779
0.597310 0 0 0 0 0 0 0 0 0 0 0 0 0 0 0 0.594779 0.599841
0.602373 0 0 0 0 0 0 0 0 0 0 0 0 0 0 0 0.599841 0.604904
0.607435 0 0 0 0 0 0 0 0 0 0 0 0 0 0 0 0.604904 0.609967
0.612498 0 0 0 0 0 0 0 0 0 0 0 0 0 0 0 0.609967 0.615029
0.617560 0 0 0 0 0 0 0 0 0 0 0 0 0 0 0 0.615029 0.620092
0.622623 0 0 0 0 0 0 0 0 0 0 0 0 0 0 0 0.620092 0.625154
0.627685 0 0 0 0 0 0 0 0 0 0 0 0 0 0 0 0.625154 0.630216
0.632748 0 0 0 0 0 0 0 0 0 0 0 0 0 0 0 0.630216 0.635279
0.637810 0 0 0 0 0 0 0 0 0 0 0 0 0 0 0 0.635279 0.640342
0.642873 0 0 0 0 0 0 0 0 0 0 0 0 0 0 0 0.640342 0.645404
0.647935 0 0 0 0 0 0 0 0 0 0 0 0 0 0 0 0.645404 0.650466
0.652998 0 0 0 0 0 0 0 0 0 0 0 0 0 0 0 0.650466 0.655529
0.658060 0 0 0 0 0 0 0 0 0 0 0 0 0 0 0 0.655529 0.660591
0.663123 0 0 0 0 0 0 0 0 0 0 0 0 0 0 0 0.660591 0.665654
0.668185 0 0 0 0 0 0 0 0 0 0 0 0 0 0 0 0.665654 0.670717
0.673248 0 0 0 0 0 0 0 0 0 0 0 0 0 0 0 0.670717 0.675779
0.678310 0 0 0 0 0 0 0 0 0 0 0 0 0 0 0 0.675779 0.680841
0.684006 0 0 0 0 0 0 0 0 0 0 0 0 0 0 0 0.680841 0.687170
0.690967 0 0 0 0 0 0 0 0 0 0 0 0 0 0 0 0.687170 0.694764
0.698560 0 0 0 0 0 0 0 0 0 0 0 0 0 0 0 0.694764 0.702357
0.706154 0 0 0 0 0 0 0 0 0 0 0 0 0 0 0 0.702357 0.709951
0.713748 0 0 0 0 0 0 0 0 0 0 0 0 0 0 0 0.709951 0.717545
0.721342 0 0 0 0 0 0 0 0 0 0 0 0 0 0 0 0.717545 0.725139
0.728935 0 0 0 0 0 0 0 0 0 0 0 0 0 0 0 0.725139 0.732732
0.736529 0 0 0 0 0 0 0 0 0 0 0 0 0 0 0 0.732732 0.740326
0.744123 0 0 0 0 0 0 0 0 0 0 0 0 0 0 0 0.740326 0.747920
0.751717 0 0 0 0 0 0 0 0 0 0 0 0 0 0 0 0.747920 0.755513
0.759310 0 0 0 0 0 0 0 0 0 0 0 0 0 0 0 0.755513 0.763107
0.766904 0 0 0 0 0 0 0 0 0 0 0 0 0 0 0 0.763107 0.770701
0.774498 0 0 0 0 0 0 0 0 0 0 0 0 0 0 0 0.770701 0.778295
0.782092 0 0 0 0 0 0 0 0 0 0 0 0 0 0 0 0.778295 0.785888
0.789685 0 0 0 0 0 0 0 0 0 0 0 0 0 0 0 0.785888 0.793482
0.797279 0 0 0 0 0 0 0 0 0 0 0 0 0 0 0 0.793482 0.801076
0.804873 0 0 0 0 0 0 0 0 0 0 0 0 0 0 0 0.801076 0.808670
0.812467 0 0 0 0 0 0 0 0 0 0 0 0 0 0 0 0.808670 0.816263
0.820060 0 0 0 0 0 0 0 0 0 0 0 0 0 0 0 0.816263 0.823857
0.827654 0 0 0 0 0 0 0 0 0 0 0 0 0 0 0 0.823857 0.831451
0.835248 0 0 0 0 0 0 0 0 0 0 0 0 0 0 0 0.831451 0.839045
0.842842 0 0 0 0 0 0 0 0 0 0 0 0 0 0 0 0.839045 0.846639
0.850435 0 0 0 0 0 0 0 0 0 0 0 0 0 0 0 0.846639 0.854232
0.858029 0 0 0 0 0 0 0 0 0 0 0 0 0 0 0 0.854232 0.861826
0.865623 0 0 0 0 0 0 0 0 0 0 0 0 0 0 0 0.861826 0.869420
0.873217 0 0 0 0 0 0 0 0 0 0 0 0 0 0 0 0.869420 0.877014
0.880810 0 0 0 0 0 0 0 0 0 0 0 0 0 0 0 0.877014 0.884607
0.888404 0 0 0 0 0 0 0 0 0 0 0 0 0 0 0 0.884607 0.892201
0.895998 0 0 0 0 0 0 0 0 0 0 0 0 0 0 0 0.892201 0.899795
0.903592 0 0 0 0 0 0 0 0 0 0 0 0 0 0 0 0.899795 0.907389
0.911185 0 0 0 0 0 0 0 0 0 0 0 0 0 0 0 0.907389 0.914982
0.918779 0 0 0 0 0 0 0 0 0 0 0 0 0 0 0 0.914982 0.922576
0.926373 0 0 0 0 0 0 0 0 0 0 0 0 0 0 0 0.922576 0.930170
0.933967 0 0 0 0 0 0 0 0 0 0 0 0 0 0 0 0.930170 0.937763
0.941560 0 0 0 0 0 0 0 0 0 0 0 0 0 0 0 0.937763 0.945357
0.949154 0 0 0 0 0 0 0 0 0 0 0 0 0 0 0 0.945357 0.952951
0.956748 0 0 0 0 0 0 0 0 0 0 0 0 0 0 0 0.952951 0.960545
0.964342 0 0 0 0 0 0 0 0 0 0 0 0 0 0 0 0.960545 0.968138
0.971935 0 0 0 0 0 0 0 0 0 0 0 0 0 0 0 0.968138 0.975732
0.979529 0 0 0 0 0 0 0 0 0 0 0 0 0 0 0 0.975732 0.983326
0.987123 0 0 0 0 0 0 0 0 0 0 0 0 0 0 0 0.983326 0.990920
0.994717 0 0 0 0 0 0 0 0 0 0 0 0 0 0 0 0.990920 0.998514
1.000412 0 0 0 0 0 0 0 0 0 0 0 0 0 0 0 0.998514 1.002310
