#Peak halo mass range: 13.625 < log10(Mh/Msun) < 13.875
#Quenched threshold: True SFR / True SM < 1e-11 / yr
#True SFHs in units of Msun/yr.
#See documentation for explanation of true vs. observed SFRs and SMs.
#Bestfit halos in bin: 615
#Bestfit SF halos in bin: 15
#Bestfit Q halos in bin: 600
#Bestfit central halos in bin: 548
#Bestfit satellite halos in bin: 67
#Avg_scale_factor <SFH_all> Err+ Err- <SFH_SF> Err+ Err- <SFH_Q> Err+ Err- <SFH_Cen> Err+ Err- <SFH_Sat> Err+ Err- Scale_factor_begin Scale_factor_end
0.028936 0.0118597 -0.000523486 0.0117718 0 0 0 0.0121562 -0.00059049 0.0120649 0.0120441 -0.000417746 0.0120127 0.0103515 0.0135343 0.0103058 0.000000 0.057873
0.059561 0.150898 0.0931358 0.146801 0 0 0 0.15467 0.0946332 0.150483 0.0933601 0.113025 0.0905163 0.621502 -0.0944803 0.610384 0.057873 0.061248
0.062373 0.377943 0.313256 0.362549 0.0140717 0.0291291 0.0140717 0.387039 0.310969 0.371403 0.308946 0.273935 0.294965 0.942277 0.0888099 0.912442 0.061248 0.063498
0.064623 0.746101 0.583627 0.69295 0.0454613 0.0835618 0.0454613 0.763617 0.589856 0.709326 0.618305 0.566652 0.570742 1.79136 1.42052 1.69202 0.063498 0.065748
0.066873 1.0936 0.546236 0.976537 0.185278 0.189745 0.182207 1.11631 0.574893 0.997037 0.995645 0.620433 0.884808 1.89475 0.881945 1.7316 0.065748 0.067998
0.069123 2.14632 0.28497 1.83448 0.513201 0.375246 0.492382 2.18715 0.286811 1.8708 1.40772 0.68666 1.20942 8.18744 -2.0955 7.55594 0.067998 0.070248
0.071373 1.68935 1.02679 1.33795 0.464319 0.80886 0.419258 1.71997 1.02048 1.36106 1.65528 0.936314 1.35786 1.96802 3.27721 1.34238 0.070248 0.072498
0.073623 2.41367 1.2903 1.83318 0.485358 1.25516 0.32191 2.46188 1.20055 1.86984 2.28943 1.26422 1.76555 3.42987 1.65064 2.53964 0.072498 0.074748
0.075873 3.36563 1.49197 2.4725 0.642122 1.27114 0.416581 3.43372 1.46507 2.52877 3.23731 1.36008 2.3863 4.41522 1.99071 3.38201 0.074748 0.076998
0.078123 4.74696 1.79264 3.17241 0.705939 2.03437 0.381977 4.84799 1.74901 3.23971 4.80515 1.83986 3.2198 4.27105 1.90321 3.06366 0.076998 0.079248
0.080373 5.91362 3.23814 3.4023 1.02797 2.4411 0.507201 6.03576 3.25273 3.50052 5.9767 3.34584 3.4049 5.39768 2.9823 3.57885 0.079248 0.081498
0.082904 5.84337 1.87013 2.95055 1.07734 1.96853 0.47719 5.96252 1.90005 3.06807 6.00176 1.85441 3.08562 4.54792 1.77425 2.82182 0.081498 0.084311
0.085998 9.0219 1.74189 5.1469 1.28157 2.11744 0.492207 9.21541 1.74202 5.27402 9.29835 1.76545 5.2959 6.76077 2.34134 3.79722 0.084311 0.087685
0.089373 10.5415 2.7232 5.34728 1.6724 3.79822 0.474735 10.7632 2.69795 5.48937 10.8628 2.68193 5.52758 7.9135 2.30365 4.2176 0.087685 0.091061
0.092748 12.9038 2.93345 6.19832 3.21225 4.32509 1.55254 13.1461 2.93858 6.38752 13.2053 2.95703 6.35683 10.4382 3.22759 5.16776 0.091061 0.094435
0.096123 17.0435 4.4656 8.19713 5.36263 4.65584 3.14731 17.3355 4.54135 8.37011 17.2186 4.64888 8.21008 15.6112 4.03953 8.04141 0.094435 0.097811
0.099498 21.8462 4.68263 10.3873 8.64086 8.82805 5.23975 22.1763 4.64596 10.78 21.868 4.20866 10.3668 21.6681 6.20248 11.3169 0.097811 0.101186
0.102873 24.5403 6.28338 10.3983 8.86242 9.21347 4.44783 24.9322 6.01277 10.5628 25.02 6.18047 10.5366 20.6166 5.2882 9.2668 0.101186 0.104560
0.106248 28.0275 4.79142 11.9024 7.17747 6.12677 2.37875 28.5487 4.53107 12.2313 27.6249 4.54821 11.5673 31.32 4.19572 16.6114 0.104560 0.107936
0.109623 32.3108 6.79825 13.3398 6.96104 7.84558 1.79541 32.9446 6.74062 13.6812 29.4623 8.09328 10.3172 55.6093 0 36.4417 0.107936 0.111310
0.112998 34.6186 8.8091 13.0424 7.61534 8.89244 1.41184 35.2937 8.92849 13.4361 34.4033 7.55251 13.3122 36.379 20.3465 13.1597 0.111310 0.114686
0.116373 38.4519 8.44042 13.7606 10.0488 9.84607 2.83028 39.1619 8.52182 14.1305 37.7637 8.71088 13.5913 44.0804 21.5764 15.3389 0.114686 0.118060
0.119748 44.8077 10.5746 16.2431 14.458 10.2371 5.32222 45.5664 10.6059 16.7485 43.8261 10.0439 15.6789 52.8365 19.411 18.6741 0.118060 0.121435
0.123123 50.0995 13.8624 16.8925 20.738 12.915 5.45657 50.8336 13.483 17.3881 49.2594 14.5956 16.0509 56.9714 17.47 18.8852 0.121435 0.124811
0.126498 56.2672 14.271 17.7327 27.8307 23.3552 5.95837 56.9781 14.1215 18.1369 57.1263 14.7571 18.8894 49.2409 15.9176 14.9437 0.124811 0.128185
0.129873 67.4465 15.9662 22.6325 41.0092 34.8958 8.88274 68.1074 15.787 22.9943 69.676 17.1836 23.359 49.211 9.8055 16.6285 0.128185 0.131561
0.133248 82.367 18.3329 28.5348 74.9514 62.3407 15.3165 82.5524 17.9936 28.9111 85.103 18.8826 29.878 59.9887 17.8081 18.851 0.131561 0.134935
0.137045 91.6507 19.3133 32.0626 98.0092 75.7611 21.8812 91.4918 18.551 32.413 94.1307 19.157 33.0108 71.3665 17.1873 24.3067 0.134935 0.139154
0.141685 104.883 20.2392 36.3669 86.3996 66.2942 15.8215 105.345 20.1692 36.5283 108.483 20.8415 38.5017 75.4368 22.982 21.4099 0.139154 0.144217
0.146748 113.392 23.48 36.4812 46.3975 49.5937 4.89359 115.066 22.9523 37.3673 117.901 25.3593 38.3065 76.5069 21.8728 19.5798 0.144217 0.149279
0.151810 121.133 27.6969 37.1815 36.7952 54.8232 4.27625 123.242 26.0754 38.5033 125.745 27.3323 39.2648 83.4152 20.4378 23.5016 0.149279 0.154342
0.156873 131.932 31.0288 38.0248 28.9682 49.4169 4.04472 134.506 30.6075 39.9108 136.893 32.1594 39.6891 91.3506 23.5594 23.6876 0.154342 0.159404
0.161935 143.185 33.2878 40.2189 30.7943 45.2127 6.87738 145.995 33.3841 42.1718 148.387 35.0485 41.765 100.639 25.9372 30.1512 0.159404 0.164467
0.166998 162.602 35.8155 47.2668 35.9358 53.0526 4.11509 165.768 35.8668 48.7386 167.261 35.9282 47.8968 124.492 35.1573 34.5509 0.164467 0.169529
0.172060 182.014 36.8833 52.3768 49.1314 73.7267 2.40796 185.336 36.6438 55.0243 187.718 37.814 56.1587 135.356 38.9848 34.7069 0.169529 0.174591
0.177123 185.429 42.2832 54.34 49.9728 64.0666 5.46022 188.816 43.4489 56.548 190.344 44.0683 55.4224 145.227 39.6518 37.9002 0.174591 0.179654
0.182185 189.978 48.7747 50.6881 59.6204 74.2962 6.58241 193.237 47.7783 53.0062 195.762 49.427 52.3214 142.668 40.8055 40.2712 0.179654 0.184716
0.187248 200.669 50.05 53.9377 64.2131 83.4209 11.6316 204.081 50.3541 55.8227 207.161 51.232 56.2371 147.57 48.6139 38.3945 0.184716 0.189779
0.192310 206.869 53.4902 53.1371 93.3046 76.5611 26.3548 209.708 51.9396 54.1126 213.624 52.6001 54.6402 151.621 54.4279 35.4718 0.189779 0.194842
0.197373 212.787 57.3475 52.3011 100.076 52.464 31.9724 215.604 56.8849 52.9714 218.872 56.2934 53.9256 163.014 65.9682 36.5925 0.194842 0.199904
0.202435 222.508 58.7636 55.6185 141.604 52.9034 48.2119 224.531 57.8257 56.9984 227.981 59.3585 56.9072 177.741 51.9011 44.228 0.199904 0.204967
0.207498 238.317 63.2058 60.0331 157.572 59.153 42.7144 240.336 63.7735 60.7048 242.271 62.9467 60.4216 205.983 59.8369 58.3402 0.204967 0.210029
0.212560 244.512 65.9509 59.0266 180.867 67.2387 58.5619 246.104 65.7744 59.7969 246.661 68.539 59.2336 226.939 64.0744 63.9333 0.210029 0.215091
0.217623 246.918 67.7799 58.1151 231.095 92.4569 70.9602 247.314 68.8901 57.0405 247.125 68.4855 57.1843 245.229 71.1556 69.4184 0.215091 0.220154
0.222685 240.272 70.2721 54.0659 226.124 105.173 58.503 240.625 69.3498 53.9386 241.005 69.1073 52.0447 234.276 70.686 60.736 0.220154 0.225217
0.227748 240.02 71.0591 54.4237 217.336 110.812 47.7219 240.587 70.2439 55.3399 242.97 72.6893 53.8845 215.889 68.5976 54.7942 0.225217 0.230279
0.232810 237.361 67.3376 53.287 234.878 87.96 69.8574 237.423 66.1514 53.8615 240.956 68.3896 53.4889 207.951 64.8941 53.8704 0.230279 0.235342
0.237873 232.27 67.4017 52.8731 229.931 86.0225 63.2897 232.329 65.9503 53.466 235.085 66.2006 53.0976 209.246 76.7063 49.5499 0.235342 0.240404
0.242935 224.21 70.0778 50.9961 198.122 72.5263 50.3043 224.862 70.5685 51.1959 225.329 67.262 51.4053 215.056 90.15 54.429 0.240404 0.245467
0.247998 212.595 75.0224 49.1412 157.685 87.3488 32.5683 213.968 75.7042 50.1434 214.84 75.0145 48.4095 194.235 78.383 54.6297 0.245467 0.250529
0.253060 201.832 71.4017 46.2358 160.912 63.8962 43.3535 202.855 71.3742 46.8363 203.812 70.7971 45.6074 185.635 81.1962 54.5605 0.250529 0.255592
0.258123 189.693 68.0893 45.9333 169.219 67.6452 39.7678 190.204 66.4025 45.8391 192.689 64.2629 45.5636 165.182 85.5031 48.9571 0.255592 0.260654
0.263185 186.797 71.9393 45.5732 174.462 76.7205 45.2699 187.105 71.5738 45.5274 189.505 73.305 45.1475 164.653 82.7025 52.888 0.260654 0.265716
0.268248 178.217 67.447 43.4165 182.422 67.2022 62.5531 178.112 67.8902 42.7768 181.319 69.5939 42.7327 152.847 83.1613 49.2056 0.265716 0.270779
0.273310 172.189 72.5967 40.2934 201.795 73.0467 79.4604 171.449 71.0867 39.1407 175.423 68.7152 40.1846 145.738 87.1228 42.8073 0.270779 0.275842
0.278373 159.484 68.394 39.5555 188.274 63.5081 87.611 158.764 67.3408 38.3553 163.328 65.8547 39.6742 128.043 92.8589 37.351 0.275842 0.280904
0.283435 145.511 67.87 33.9569 183.523 65.5574 83.5796 144.56 66.5311 33.1776 150.627 65.6743 34.6717 103.662 79.3203 30.1451 0.280904 0.285967
0.288498 134.863 65.2143 31.2927 174.285 47.8163 83.3547 133.878 66.1407 30.5423 140.021 65.3742 31.9357 92.6721 68.1552 24.2931 0.285967 0.291029
0.293560 123.125 59.8387 27.4879 151.51 57.177 70.8487 122.415 59.3412 27.3909 127.358 60.7287 28.6905 88.5032 64.2487 25.9334 0.291029 0.296091
0.298623 108.186 54.3705 24.5345 128.901 66.7931 61.9949 107.669 53.4214 24.394 112.368 55.6538 25.0193 73.9835 57.9911 22.2117 0.296091 0.301154
0.303685 96.9119 51.5057 21.4371 108.954 53.0263 50.9453 96.6109 51.798 20.6251 101.056 53.2095 21.9872 63.019 47.2635 16.594 0.301154 0.306217
0.308748 87.0575 46.4678 19.7961 104.13 61.1325 43.227 86.6307 46.8431 19.0048 91.9881 47.8713 20.5168 46.7305 44.1484 11.3901 0.306217 0.311279
0.313810 80.4232 41.1859 18.6493 103.734 61.2252 40.652 79.8405 40.8932 18.3508 84.7571 41.9999 19.5711 44.9757 37.9071 11.7197 0.311279 0.316341
0.318873 73.9879 38.3852 17.2204 91.7858 56.5104 35.4784 73.5429 38.1357 16.7921 78.607 37.8127 18.2648 36.2079 35.1536 8.72898 0.316341 0.321404
0.323935 68.5592 32.2857 15.847 101.067 66.7171 34.6304 67.7465 32.1725 15.6328 72.7059 33.5586 16.2074 34.6426 31.3674 8.009 0.321404 0.326466
0.328997 62.8034 33.9063 14.4169 113.601 69.8802 45.1502 61.5334 34.7613 13.7793 66.41 35.3946 14.6043 33.3044 27.0009 8.6206 0.326466 0.331528
0.334060 55.9951 30.2331 13.004 95.2284 69.6319 34.0202 55.0142 29.8294 12.4826 59.3321 30.5499 13.472 28.7008 24.8978 7.52737 0.331528 0.336591
0.339122 49.8035 23.5795 10.8757 75.3912 53.1841 27.6698 49.1638 23.2351 10.1773 52.7916 25.4447 11.2287 25.3627 19.9896 6.92017 0.336591 0.341653
0.344185 45.9679 22.701 9.85741 62.8173 57.641 22.5934 45.5466 21.7932 9.56346 48.7607 24.5179 10.7533 23.1247 12.4584 5.89568 0.341653 0.346716
0.349247 39.5884 19.8848 8.86213 56.9688 62.1144 18.9371 39.1539 19.0439 8.54454 41.5647 21.418 9.1212 23.4238 12.9316 5.88025 0.346716 0.351779
0.354310 34.9821 17.2283 7.13916 62.0993 50.4643 23.3556 34.3042 16.8542 6.75746 36.8592 18.6391 7.58263 19.6292 8.8594 4.87606 0.351779 0.356841
0.359372 32.2208 14.5689 6.95503 58.6548 35.8865 22.3705 31.5599 14.0006 6.38028 33.6806 15.3528 7.24488 20.2804 9.22597 5.49309 0.356841 0.361903
0.364435 30.1508 11.9756 7.23822 64.4484 30.6325 26.2116 29.2934 11.5861 6.63106 31.7078 12.6746 7.57404 17.4161 9.10526 4.70082 0.361903 0.366966
0.369497 27.2738 10.6855 6.35439 59.418 30.1213 25.4565 26.4702 10.1591 5.85556 28.7137 11.2034 6.6383 15.4969 7.53287 4.34348 0.366966 0.372028
0.374560 25.849 10.1431 6.35584 52.8564 22.9862 24.4381 25.1738 9.95197 5.96698 27.3956 10.3981 6.8487 13.1995 6.64663 3.10507 0.372028 0.377091
0.379622 24.5056 7.54955 6.32122 45.5052 24.0769 21.7193 23.9806 7.94902 6.08089 26.1216 7.94195 6.88081 11.2876 6.27541 2.8866 0.377091 0.382154
0.384685 22.2558 7.35646 5.62573 36.6641 11.9838 18.5656 21.8956 7.43666 5.38058 23.5749 7.5214 5.87986 11.4665 5.49632 3.67728 0.382154 0.387216
0.389747 20.3103 6.66312 5.25913 28.365 15.4366 12.7346 20.1089 6.45388 5.29112 21.6535 6.9217 5.66846 9.32384 5.63597 2.18788 0.387216 0.392278
0.394810 18.8858 6.76992 4.62856 21.5445 21.7047 11.2009 18.8193 6.65265 4.74696 20.1635 6.61537 5.13282 8.43546 5.8835 1.6198 0.392278 0.397341
0.399872 17.6851 5.64658 4.59434 21.8854 8.40033 11.6536 17.5801 5.72782 4.58349 18.9285 5.86023 5.02777 7.51517 4.87705 1.27763 0.397341 0.402404
0.404935 15.5665 5.11385 5.01426 18.353 5.6917 9.10095 15.4969 4.84109 4.89924 16.8283 5.04357 5.45902 5.24617 4.43359 1.06398 0.402404 0.407466
0.409997 13.8889 4.73798 4.01181 13.6631 6.60832 6.5268 13.8945 4.5161 4.1559 14.9163 4.83235 4.10032 5.48579 3.27183 1.83926 0.407466 0.412529
0.415060 12.6118 4.40741 3.63684 13.07 8.73519 5.88383 12.6004 4.45672 3.88392 13.6 4.39176 4.16537 4.52934 3.42343 1.38019 0.412529 0.417591
0.420122 11.3801 3.97959 3.55734 12.0481 7.42403 5.55534 11.3634 3.82456 3.64312 12.2719 4.18423 3.9706 4.08568 3.01774 1.25969 0.417591 0.422653
0.425185 10.0887 3.6992 3.34659 10.2678 5.22556 4.75647 10.0842 3.5715 3.43233 10.9347 3.70096 3.64372 3.16889 3.6799 0.713845 0.422653 0.427716
0.430247 9.55274 3.12554 3.08547 13.0274 4.02829 7.08286 9.46587 3.28897 3.0111 10.2902 3.2629 3.31964 3.52128 2.3299 0.794205 0.427716 0.432779
0.435310 8.79959 3.29405 3.01918 16.8367 0.774456 11.6189 8.59866 3.662 2.80589 9.46974 3.44802 3.31797 3.31837 2.51169 0.539701 0.432779 0.437841
0.440372 9.02405 2.39666 3.28538 17.6145 1.03297 11.236 8.80929 2.43468 3.18358 9.67246 2.42079 3.66502 3.72065 2.7255 0.64848 0.437841 0.442903
0.445435 7.54808 2.44331 2.68726 7.75729 2.96522 5.18485 7.54285 2.35928 2.61627 7.97595 2.42623 2.89554 4.04846 1.79194 0.985343 0.442903 0.447966
0.450497 6.87072 1.78393 2.52563 7.33151 0 4.96847 6.8592 1.93834 2.4712 7.31753 2.08676 2.74669 3.21621 1.64007 0.682991 0.447966 0.453029
0.455560 6.60484 1.97248 2.35055 7.39296 0.0279613 4.94724 6.58514 2.0803 2.41095 7.02202 2.06674 2.53247 3.19267 1.6078 0.821306 0.453029 0.458091
0.460622 6.42467 1.65023 2.30183 6.47126 1.27597 4.157 6.42351 1.68109 2.30793 6.88962 1.74888 2.55393 2.62183 1.05203 0.786246 0.458091 0.463154
0.465685 5.67129 1.51406 1.9549 4.85669 2.43328 2.49681 5.69166 1.57973 1.98135 6.07843 1.61902 2.12215 2.34129 0.934197 0.738961 0.463154 0.468216
0.470747 5.42049 1.4359 1.84894 4.51016 2.29465 2.07255 5.44324 1.46542 1.84963 5.78349 1.5839 2.0441 2.45145 1.14985 0.753638 0.468216 0.473278
0.475810 5.15503 1.24076 1.68695 4.59005 2.12704 1.9318 5.16915 1.22568 1.75332 5.46244 1.35028 1.85403 2.64066 1.26514 0.691221 0.473278 0.478341
0.480872 4.80271 0.920736 1.66464 3.06642 2.01639 1.13171 4.84612 0.922622 1.74681 5.21123 1.01149 1.89313 1.46143 1.02066 0.484009 0.478341 0.483404
0.485935 4.27958 0.760041 1.6841 2.32384 1.83072 0.617035 4.32847 0.771996 1.7183 4.61584 0.806367 1.82903 1.52928 0.516178 0.600785 0.483404 0.488466
0.490997 3.92253 0.822507 1.41009 2.4397 2.42898 0.548279 3.9596 0.828526 1.46576 4.1793 0.918615 1.4953 1.82232 0.433996 0.942857 0.488466 0.493528
0.496060 3.39146 0.625287 1.28881 2.32878 1.69552 0.63254 3.41803 0.609055 1.31306 3.5254 0.772455 1.26675 2.29597 0.13659 1.44598 0.493528 0.498591
0.501122 3.08038 0.47559 1.15932 2.70785 1.43233 0.946253 3.0897 0.469842 1.18785 3.19859 0.630535 1.11981 2.11352 -0.077065 1.47708 0.498591 0.503654
0.506185 2.78479 0.288315 1.05694 2.52263 1.47907 0.720573 2.79135 0.28181 1.06592 2.85243 0.465667 0.995636 2.2316 -0.045135 1.58079 0.503654 0.508716
0.511247 2.45317 0.367961 0.92261 2.59187 1.50476 0.755145 2.4497 0.372895 0.94187 2.51241 0.428989 0.913738 1.96859 0.0400981 1.28019 0.508716 0.513778
0.516310 1.92943 0.313687 0.705839 2.87146 1.4748 0.887812 1.90588 0.310123 0.71041 1.95667 0.421374 0.721894 1.70663 -0.124121 1.11638 0.513778 0.518841
0.521372 1.49575 0.3778 0.43997 2.95223 1.50094 0.885337 1.45934 0.362537 0.439927 1.56083 0.42887 0.459415 0.963469 0.225788 0.364694 0.518841 0.523903
0.526435 1.39499 0.351232 0.405733 3.24929 1.51356 0.917637 1.34863 0.354119 0.383994 1.40008 0.390069 0.385342 1.35331 0.373289 0.780443 0.523903 0.528966
0.531497 1.11365 0.329216 0.276623 3.23649 1.39753 0.916036 1.06058 0.314514 0.248211 1.16586 0.330501 0.298516 0.686624 0.310182 0.168137 0.528966 0.534029
0.536560 0.920887 0.280682 0.233631 3.32023 1.16516 1.22316 0.860904 0.256642 0.203828 0.967281 0.277891 0.248616 0.541427 0.210308 0.155451 0.534029 0.539091
0.541622 0.679453 0.238742 0.160847 3.55337 1.92471 0.768207 0.607605 0.193315 0.142685 0.705665 0.24126 0.164718 0.465066 0.172978 0.139509 0.539091 0.544153
0.546685 0 0 0 0 0 0 0 0 0 0 0 0 0 0 0 0.544153 0.549216
0.551747 0 0 0 0 0 0 0 0 0 0 0 0 0 0 0 0.549216 0.554278
0.556810 0 0 0 0 0 0 0 0 0 0 0 0 0 0 0 0.554278 0.559341
0.561872 0 0 0 0 0 0 0 0 0 0 0 0 0 0 0 0.559341 0.564404
0.566935 0 0 0 0 0 0 0 0 0 0 0 0 0 0 0 0.564404 0.569466
0.571997 0 0 0 0 0 0 0 0 0 0 0 0 0 0 0 0.569466 0.574528
0.577060 0 0 0 0 0 0 0 0 0 0 0 0 0 0 0 0.574528 0.579592
0.582123 0 0 0 0 0 0 0 0 0 0 0 0 0 0 0 0.579592 0.584654
0.587185 0 0 0 0 0 0 0 0 0 0 0 0 0 0 0 0.584654 0.589717
0.592248 0 0 0 0 0 0 0 0 0 0 0 0 0 0 0 0.589717 0.594779
0.597310 0 0 0 0 0 0 0 0 0 0 0 0 0 0 0 0.594779 0.599841
0.602373 0 0 0 0 0 0 0 0 0 0 0 0 0 0 0 0.599841 0.604904
0.607435 0 0 0 0 0 0 0 0 0 0 0 0 0 0 0 0.604904 0.609967
0.612498 0 0 0 0 0 0 0 0 0 0 0 0 0 0 0 0.609967 0.615029
0.617560 0 0 0 0 0 0 0 0 0 0 0 0 0 0 0 0.615029 0.620092
0.622623 0 0 0 0 0 0 0 0 0 0 0 0 0 0 0 0.620092 0.625154
0.627685 0 0 0 0 0 0 0 0 0 0 0 0 0 0 0 0.625154 0.630216
0.632748 0 0 0 0 0 0 0 0 0 0 0 0 0 0 0 0.630216 0.635279
0.637810 0 0 0 0 0 0 0 0 0 0 0 0 0 0 0 0.635279 0.640342
0.642873 0 0 0 0 0 0 0 0 0 0 0 0 0 0 0 0.640342 0.645404
0.647935 0 0 0 0 0 0 0 0 0 0 0 0 0 0 0 0.645404 0.650466
0.652998 0 0 0 0 0 0 0 0 0 0 0 0 0 0 0 0.650466 0.655529
0.658060 0 0 0 0 0 0 0 0 0 0 0 0 0 0 0 0.655529 0.660591
0.663123 0 0 0 0 0 0 0 0 0 0 0 0 0 0 0 0.660591 0.665654
0.668185 0 0 0 0 0 0 0 0 0 0 0 0 0 0 0 0.665654 0.670717
0.673248 0 0 0 0 0 0 0 0 0 0 0 0 0 0 0 0.670717 0.675779
0.678310 0 0 0 0 0 0 0 0 0 0 0 0 0 0 0 0.675779 0.680841
0.684006 0 0 0 0 0 0 0 0 0 0 0 0 0 0 0 0.680841 0.687170
0.690967 0 0 0 0 0 0 0 0 0 0 0 0 0 0 0 0.687170 0.694764
0.698560 0 0 0 0 0 0 0 0 0 0 0 0 0 0 0 0.694764 0.702357
0.706154 0 0 0 0 0 0 0 0 0 0 0 0 0 0 0 0.702357 0.709951
0.713748 0 0 0 0 0 0 0 0 0 0 0 0 0 0 0 0.709951 0.717545
0.721342 0 0 0 0 0 0 0 0 0 0 0 0 0 0 0 0.717545 0.725139
0.728935 0 0 0 0 0 0 0 0 0 0 0 0 0 0 0 0.725139 0.732732
0.736529 0 0 0 0 0 0 0 0 0 0 0 0 0 0 0 0.732732 0.740326
0.744123 0 0 0 0 0 0 0 0 0 0 0 0 0 0 0 0.740326 0.747920
0.751717 0 0 0 0 0 0 0 0 0 0 0 0 0 0 0 0.747920 0.755513
0.759310 0 0 0 0 0 0 0 0 0 0 0 0 0 0 0 0.755513 0.763107
0.766904 0 0 0 0 0 0 0 0 0 0 0 0 0 0 0 0.763107 0.770701
0.774498 0 0 0 0 0 0 0 0 0 0 0 0 0 0 0 0.770701 0.778295
0.782092 0 0 0 0 0 0 0 0 0 0 0 0 0 0 0 0.778295 0.785888
0.789685 0 0 0 0 0 0 0 0 0 0 0 0 0 0 0 0.785888 0.793482
0.797279 0 0 0 0 0 0 0 0 0 0 0 0 0 0 0 0.793482 0.801076
0.804873 0 0 0 0 0 0 0 0 0 0 0 0 0 0 0 0.801076 0.808670
0.812467 0 0 0 0 0 0 0 0 0 0 0 0 0 0 0 0.808670 0.816263
0.820060 0 0 0 0 0 0 0 0 0 0 0 0 0 0 0 0.816263 0.823857
0.827654 0 0 0 0 0 0 0 0 0 0 0 0 0 0 0 0.823857 0.831451
0.835248 0 0 0 0 0 0 0 0 0 0 0 0 0 0 0 0.831451 0.839045
0.842842 0 0 0 0 0 0 0 0 0 0 0 0 0 0 0 0.839045 0.846639
0.850435 0 0 0 0 0 0 0 0 0 0 0 0 0 0 0 0.846639 0.854232
0.858029 0 0 0 0 0 0 0 0 0 0 0 0 0 0 0 0.854232 0.861826
0.865623 0 0 0 0 0 0 0 0 0 0 0 0 0 0 0 0.861826 0.869420
0.873217 0 0 0 0 0 0 0 0 0 0 0 0 0 0 0 0.869420 0.877014
0.880810 0 0 0 0 0 0 0 0 0 0 0 0 0 0 0 0.877014 0.884607
0.888404 0 0 0 0 0 0 0 0 0 0 0 0 0 0 0 0.884607 0.892201
0.895998 0 0 0 0 0 0 0 0 0 0 0 0 0 0 0 0.892201 0.899795
0.903592 0 0 0 0 0 0 0 0 0 0 0 0 0 0 0 0.899795 0.907389
0.911185 0 0 0 0 0 0 0 0 0 0 0 0 0 0 0 0.907389 0.914982
0.918779 0 0 0 0 0 0 0 0 0 0 0 0 0 0 0 0.914982 0.922576
0.926373 0 0 0 0 0 0 0 0 0 0 0 0 0 0 0 0.922576 0.930170
0.933967 0 0 0 0 0 0 0 0 0 0 0 0 0 0 0 0.930170 0.937763
0.941560 0 0 0 0 0 0 0 0 0 0 0 0 0 0 0 0.937763 0.945357
0.949154 0 0 0 0 0 0 0 0 0 0 0 0 0 0 0 0.945357 0.952951
0.956748 0 0 0 0 0 0 0 0 0 0 0 0 0 0 0 0.952951 0.960545
0.964342 0 0 0 0 0 0 0 0 0 0 0 0 0 0 0 0.960545 0.968138
0.971935 0 0 0 0 0 0 0 0 0 0 0 0 0 0 0 0.968138 0.975732
0.979529 0 0 0 0 0 0 0 0 0 0 0 0 0 0 0 0.975732 0.983326
0.987123 0 0 0 0 0 0 0 0 0 0 0 0 0 0 0 0.983326 0.990920
0.994717 0 0 0 0 0 0 0 0 0 0 0 0 0 0 0 0.990920 0.998514
1.000412 0 0 0 0 0 0 0 0 0 0 0 0 0 0 0 0.998514 1.002310
