#Observed stellar mass range: 9 < log10(M*/Msun) < 9.2
#Quenched threshold: Obs. SFR / Obs. SM < 1e-11 / yr
#SFHs in units of observed Msun/yr.
#True SFHs rescaled by average systematic offset of -0.250515 dex to be consistent with average observed stellar mass in bin.
#See documentation for explanation of true vs. observed SFRs and SMs.
#Bestfit galaxies in bin: 52147
#Bestfit SF galaxies in bin: 50175
#Bestfit Q galaxies in bin: 1972
#Bestfit central galaxies in bin: 38610
#Bestfit satellite galaxies in bin: 13537
#Avg_scale_factor <SFH_all> Err+ Err- <SFH_SF> Err+ Err- <SFH_Q> Err+ Err- <SFH_Cen> Err+ Err- <SFH_Sat> Err+ Err- Scale_factor_begin Scale_factor_end
0.028936 6.72343e-06 6.80602e-06 6.72343e-06 6.98768e-06 6.41396e-06 6.98768e-06 0 9.00138e-07 0 8.27414e-06 1.51171e-06 8.27414e-06 2.30052e-06 3.53664e-05 2.30052e-06 0.000000 0.057873
0.059561 0.000239123 0.00038701 0.000231598 0.000246553 0.00028152 0.000240024 5.00808e-05 0.00166386 4.92103e-05 0.000142747 0.000211744 0.000137905 0.000514007 0.000953752 0.000497483 0.057873 0.061248
0.062373 0.000586391 0.000970277 0.000551642 0.000570518 0.000712991 0.000542792 0.000990259 0.00338772 0.000926896 0.000373051 0.000480279 0.000351305 0.00119487 0.0021418 0.00113053 0.061248 0.063498
0.064623 0.00202413 0.00192557 0.00189092 0.00180873 0.0016526 0.00168406 0.00750452 0.00459741 0.00703362 0.00149138 0.00117013 0.0013863 0.00354362 0.00406101 0.00329172 0.063498 0.065748
0.066873 0.00368341 0.00297047 0.00332248 0.00336594 0.0025705 0.00303831 0.0117611 0.00604003 0.0106277 0.00305208 0.00253525 0.00273602 0.00548407 0.00448706 0.00502173 0.065748 0.067998
0.069123 0.00587892 0.00468043 0.00505871 0.00533181 0.00448577 0.0046227 0.0197994 0.0141982 0.0174832 0.00481363 0.0038788 0.00415344 0.00891731 0.00709227 0.00757974 0.067998 0.070248
0.071373 0.00918438 0.00586807 0.00750766 0.00793885 0.0046986 0.00647302 0.0408753 0.0160338 0.0359271 0.00724808 0.00496555 0.00580194 0.0147071 0.00870231 0.012223 0.070248 0.072498
0.073623 0.0130592 0.00818916 0.00993696 0.0116398 0.00794709 0.00897146 0.0491751 0.0194277 0.0395946 0.0103568 0.00671582 0.00777538 0.020767 0.012448 0.0158401 0.072498 0.074748
0.075873 0.016864 0.0121426 0.0123962 0.0148888 0.0109631 0.0108225 0.0671211 0.0243037 0.0531114 0.0128396 0.0107488 0.00922681 0.0283423 0.0172273 0.0210419 0.074748 0.076998
0.078123 0.0228443 0.0181854 0.0158316 0.0202952 0.015058 0.0140796 0.0877026 0.0310769 0.0666014 0.0175904 0.0149957 0.0123432 0.0378293 0.0270429 0.0261858 0.076998 0.079248
0.080373 0.031149 0.0226101 0.0205418 0.0285207 0.019518 0.019631 0.0980221 0.0481785 0.0668093 0.0239909 0.0200002 0.0160515 0.0515652 0.0312052 0.0344376 0.079248 0.081498
0.082904 0.0334182 0.0247311 0.0206033 0.0299092 0.0237525 0.0188259 0.122698 0.0365548 0.0837252 0.0262325 0.0220526 0.0161866 0.0539131 0.0333408 0.034804 0.081498 0.084311
0.085998 0.0479031 0.036652 0.0273276 0.0445551 0.0323264 0.0263784 0.133089 0.0729961 0.0766659 0.040314 0.0318632 0.022272 0.0695486 0.0472113 0.0417358 0.084311 0.087685
0.089373 0.0600141 0.0419408 0.0305605 0.0564331 0.0357956 0.0304213 0.151127 0.0928278 0.0784808 0.0500421 0.0360805 0.0249696 0.0884559 0.051941 0.0473297 0.087685 0.091061
0.092748 0.0745884 0.0422744 0.03502 0.0707922 0.0372699 0.0352907 0.171176 0.0956671 0.0804928 0.0655356 0.0387218 0.0304176 0.100408 0.052817 0.0490727 0.091061 0.094435
0.096123 0.0895228 0.0481185 0.0392108 0.0847773 0.041031 0.0407786 0.210265 0.0979452 0.0935108 0.0788586 0.0415851 0.0339238 0.119939 0.0620203 0.0534564 0.094435 0.097811
0.099498 0.103783 0.0491742 0.042234 0.0972731 0.0434427 0.041694 0.269416 0.0856044 0.129413 0.0908218 0.0454491 0.0352192 0.14075 0.065944 0.0582373 0.097811 0.101186
0.102873 0.120968 0.0544148 0.0455606 0.112761 0.0451283 0.043904 0.329791 0.0697773 0.157263 0.105192 0.0476689 0.037997 0.165964 0.0694945 0.0655376 0.101186 0.104560
0.106248 0.138318 0.0558438 0.047528 0.128525 0.0491818 0.0461293 0.387467 0.0898523 0.168697 0.117755 0.0507863 0.0378252 0.196965 0.0745485 0.071449 0.104560 0.107936
0.109623 0.157227 0.0574423 0.0482681 0.14588 0.0533226 0.0484662 0.445916 0.0979375 0.186885 0.133117 0.0487954 0.0392361 0.225991 0.0828623 0.072286 0.107936 0.111310
0.112998 0.177875 0.0605396 0.0505762 0.164224 0.0558959 0.0501839 0.525204 0.104374 0.225415 0.151086 0.0557607 0.0420046 0.254284 0.0896033 0.0752317 0.111310 0.114686
0.116373 0.197932 0.0626019 0.05478 0.184426 0.053946 0.0515725 0.541567 0.0917819 0.21242 0.168179 0.0575987 0.0445846 0.282793 0.0966906 0.0796384 0.114686 0.118060
0.119748 0.21734 0.0668937 0.054996 0.203426 0.0571693 0.0525306 0.571359 0.111213 0.216334 0.18373 0.0594355 0.0443279 0.313202 0.104778 0.0829691 0.118060 0.121435
0.123123 0.237929 0.0715065 0.0525742 0.222816 0.0597442 0.0546452 0.622475 0.129871 0.224407 0.200368 0.0616767 0.0446487 0.345062 0.106901 0.0908438 0.121435 0.124811
0.126498 0.259505 0.0736478 0.059112 0.243698 0.0647063 0.0543162 0.661699 0.155537 0.237783 0.21785 0.0649595 0.0442809 0.378314 0.112323 0.0991386 0.124811 0.128185
0.129873 0.282404 0.0811753 0.0615597 0.265449 0.0715877 0.0580648 0.713815 0.168064 0.248596 0.236885 0.0691549 0.0466288 0.412232 0.129101 0.105202 0.128185 0.131561
0.133248 0.307384 0.086438 0.0662085 0.289276 0.0703368 0.0661659 0.768128 0.178 0.263522 0.258007 0.0719499 0.0512255 0.448217 0.139048 0.114603 0.131561 0.134935
0.137045 0.333982 0.0908845 0.074254 0.313682 0.0747316 0.0708178 0.850477 0.176223 0.294699 0.280624 0.0757538 0.0564532 0.486169 0.144087 0.12134 0.134935 0.139154
0.141685 0.376808 0.0999655 0.0861678 0.353475 0.0856348 0.078996 0.970483 0.174917 0.361175 0.317444 0.0873506 0.0655115 0.546123 0.15357 0.144157 0.139154 0.144217
0.146748 0.419269 0.107981 0.095042 0.393523 0.0940502 0.0876109 1.07433 0.21422 0.397239 0.353487 0.0958562 0.0712912 0.606891 0.167702 0.156839 0.144217 0.149279
0.151810 0.459768 0.117908 0.100357 0.43419 0.10201 0.0955555 1.11058 0.264236 0.38765 0.389419 0.107206 0.076738 0.660418 0.177185 0.16811 0.149279 0.154342
0.156873 0.502085 0.126605 0.110909 0.474798 0.105795 0.101266 1.19636 0.267333 0.420721 0.425735 0.107972 0.084787 0.719847 0.180903 0.181008 0.154342 0.159404
0.161935 0.543688 0.131589 0.119826 0.513838 0.11212 0.109773 1.30319 0.279055 0.464848 0.460799 0.118288 0.0871508 0.780104 0.198322 0.194246 0.159404 0.164467
0.166998 0.582446 0.146479 0.124359 0.553937 0.121958 0.120423 1.30781 0.299359 0.431298 0.501892 0.130981 0.0978221 0.812199 0.214084 0.198004 0.164467 0.169529
0.172060 0.623007 0.155959 0.134633 0.593385 0.13101 0.132343 1.3767 0.303732 0.458134 0.545027 0.135481 0.110219 0.845421 0.224857 0.197894 0.169529 0.174591
0.177123 0.667754 0.163507 0.141888 0.638638 0.143546 0.142754 1.40859 0.354582 0.456137 0.588482 0.150277 0.119084 0.893852 0.237708 0.224513 0.174591 0.179654
0.182185 0.71042 0.170175 0.15627 0.681279 0.149143 0.15331 1.45189 0.360947 0.458803 0.632636 0.16065 0.127131 0.932274 0.25661 0.228668 0.179654 0.184716
0.187248 0.752357 0.181459 0.16444 0.723405 0.157121 0.165809 1.489 0.37675 0.466891 0.679174 0.170792 0.144331 0.96109 0.267944 0.238907 0.184716 0.189779
0.192310 0.793699 0.201549 0.175482 0.767356 0.168852 0.176098 1.46398 0.44314 0.408537 0.726819 0.178312 0.158254 0.984454 0.290153 0.240645 0.189779 0.194842
0.197373 0.831416 0.214201 0.186713 0.80701 0.186114 0.183548 1.4524 0.457787 0.387722 0.77405 0.19353 0.178043 0.995033 0.287084 0.238235 0.194842 0.199904
0.202435 0.866415 0.223455 0.194423 0.84295 0.19823 0.196682 1.46347 0.484025 0.403629 0.817629 0.208413 0.184558 1.00556 0.305759 0.23737 0.199904 0.204967
0.207498 0.90897 0.236494 0.215005 0.887208 0.206338 0.211441 1.46266 0.508243 0.386008 0.866756 0.218701 0.203948 1.02937 0.315096 0.242569 0.204967 0.210029
0.212560 0.946203 0.23763 0.220373 0.928261 0.212063 0.224332 1.40273 0.537317 0.339947 0.910483 0.228804 0.2128 1.04809 0.310407 0.250084 0.210029 0.215091
0.217623 0.98287 0.24706 0.239183 0.967564 0.237864 0.238671 1.37232 0.576799 0.320763 0.958426 0.241007 0.233627 1.05259 0.297417 0.253141 0.215091 0.220154
0.222685 1.01802 0.277208 0.253735 1.00231 0.239405 0.258064 1.41771 0.568143 0.366879 1.00684 0.255546 0.250624 1.04989 0.277842 0.258985 0.220154 0.225217
0.227748 1.05386 0.277814 0.270542 1.038 0.262521 0.270534 1.45738 0.536121 0.407476 1.05672 0.284607 0.267389 1.0457 0.257452 0.266892 0.225217 0.230279
0.232810 1.09033 0.29971 0.276744 1.07646 0.268594 0.277897 1.44317 0.564073 0.368162 1.10786 0.306799 0.286019 1.04033 0.287082 0.257949 0.230279 0.235342
0.237873 1.13102 0.31683 0.295414 1.11968 0.287145 0.293143 1.41944 0.593835 0.392721 1.1655 0.322898 0.305151 1.03269 0.282286 0.255015 0.235342 0.240404
0.242935 1.18008 0.339159 0.304333 1.16818 0.309649 0.309668 1.48303 0.552456 0.446062 1.2308 0.343017 0.330151 1.03544 0.284985 0.256679 0.240404 0.245467
0.247998 1.21546 0.356761 0.316396 1.20893 0.338716 0.326923 1.38167 0.519866 0.406601 1.28177 0.373479 0.351498 1.02636 0.299439 0.258762 0.245467 0.250529
0.253060 1.25757 0.36051 0.330958 1.2592 0.365953 0.334888 1.21611 0.42876 0.352866 1.34138 0.392713 0.361333 1.01852 0.292021 0.257708 0.250529 0.255592
0.258123 1.29416 0.36195 0.335999 1.30612 0.367567 0.338567 0.989829 0.373461 0.261282 1.39821 0.398479 0.380664 0.997374 0.291195 0.253805 0.255592 0.260654
0.263185 1.34065 0.394638 0.345546 1.36261 0.403323 0.354248 0.78211 0.33657 0.208703 1.46415 0.434292 0.389756 0.988407 0.295204 0.250873 0.260654 0.265716
0.268248 1.39999 0.415156 0.36119 1.43125 0.448014 0.371314 0.604592 0.252704 0.182358 1.54728 0.479844 0.419106 0.979892 0.308534 0.253493 0.265716 0.270779
0.273310 1.46919 0.475581 0.373169 1.51172 0.505794 0.3862 0.387306 0.218289 0.110797 1.64261 0.524613 0.441821 0.974584 0.328149 0.255088 0.270779 0.275842
0.278373 1.56077 0.513217 0.39608 1.61317 0.563724 0.40512 0.227644 0.149819 0.0698805 1.76469 0.578603 0.47481 0.97916 0.334138 0.255582 0.275842 0.280904
0.283435 1.69081 0.567248 0.427863 1.75715 0.614308 0.407813 0.00298443 0.00114765 0.000948572 1.93639 0.656231 0.52054 0.990403 0.345371 0.249477 0.280904 0.285967
0.288498 0 0 0 0 0 0 0 0 0 0 0 0 0 0 0 0.285967 0.291029
0.293560 0 0 0 0 0 0 0 0 0 0 0 0 0 0 0 0.291029 0.296091
0.298623 0 0 0 0 0 0 0 0 0 0 0 0 0 0 0 0.296091 0.301154
0.303685 0 0 0 0 0 0 0 0 0 0 0 0 0 0 0 0.301154 0.306217
0.308748 0 0 0 0 0 0 0 0 0 0 0 0 0 0 0 0.306217 0.311279
0.313810 0 0 0 0 0 0 0 0 0 0 0 0 0 0 0 0.311279 0.316341
0.318873 0 0 0 0 0 0 0 0 0 0 0 0 0 0 0 0.316341 0.321404
0.323935 0 0 0 0 0 0 0 0 0 0 0 0 0 0 0 0.321404 0.326466
0.328997 0 0 0 0 0 0 0 0 0 0 0 0 0 0 0 0.326466 0.331528
0.334060 0 0 0 0 0 0 0 0 0 0 0 0 0 0 0 0.331528 0.336591
0.339122 0 0 0 0 0 0 0 0 0 0 0 0 0 0 0 0.336591 0.341653
0.344185 0 0 0 0 0 0 0 0 0 0 0 0 0 0 0 0.341653 0.346716
0.349247 0 0 0 0 0 0 0 0 0 0 0 0 0 0 0 0.346716 0.351779
0.354310 0 0 0 0 0 0 0 0 0 0 0 0 0 0 0 0.351779 0.356841
0.359372 0 0 0 0 0 0 0 0 0 0 0 0 0 0 0 0.356841 0.361903
0.364435 0 0 0 0 0 0 0 0 0 0 0 0 0 0 0 0.361903 0.366966
0.369497 0 0 0 0 0 0 0 0 0 0 0 0 0 0 0 0.366966 0.372028
0.374560 0 0 0 0 0 0 0 0 0 0 0 0 0 0 0 0.372028 0.377091
0.379622 0 0 0 0 0 0 0 0 0 0 0 0 0 0 0 0.377091 0.382154
0.384685 0 0 0 0 0 0 0 0 0 0 0 0 0 0 0 0.382154 0.387216
0.389747 0 0 0 0 0 0 0 0 0 0 0 0 0 0 0 0.387216 0.392278
0.394810 0 0 0 0 0 0 0 0 0 0 0 0 0 0 0 0.392278 0.397341
0.399872 0 0 0 0 0 0 0 0 0 0 0 0 0 0 0 0.397341 0.402404
0.404935 0 0 0 0 0 0 0 0 0 0 0 0 0 0 0 0.402404 0.407466
0.409997 0 0 0 0 0 0 0 0 0 0 0 0 0 0 0 0.407466 0.412529
0.415060 0 0 0 0 0 0 0 0 0 0 0 0 0 0 0 0.412529 0.417591
0.420122 0 0 0 0 0 0 0 0 0 0 0 0 0 0 0 0.417591 0.422653
0.425185 0 0 0 0 0 0 0 0 0 0 0 0 0 0 0 0.422653 0.427716
0.430247 0 0 0 0 0 0 0 0 0 0 0 0 0 0 0 0.427716 0.432779
0.435310 0 0 0 0 0 0 0 0 0 0 0 0 0 0 0 0.432779 0.437841
0.440372 0 0 0 0 0 0 0 0 0 0 0 0 0 0 0 0.437841 0.442903
0.445435 0 0 0 0 0 0 0 0 0 0 0 0 0 0 0 0.442903 0.447966
0.450497 0 0 0 0 0 0 0 0 0 0 0 0 0 0 0 0.447966 0.453029
0.455560 0 0 0 0 0 0 0 0 0 0 0 0 0 0 0 0.453029 0.458091
0.460622 0 0 0 0 0 0 0 0 0 0 0 0 0 0 0 0.458091 0.463154
0.465685 0 0 0 0 0 0 0 0 0 0 0 0 0 0 0 0.463154 0.468216
0.470747 0 0 0 0 0 0 0 0 0 0 0 0 0 0 0 0.468216 0.473278
0.475810 0 0 0 0 0 0 0 0 0 0 0 0 0 0 0 0.473278 0.478341
0.480872 0 0 0 0 0 0 0 0 0 0 0 0 0 0 0 0.478341 0.483404
0.485935 0 0 0 0 0 0 0 0 0 0 0 0 0 0 0 0.483404 0.488466
0.490997 0 0 0 0 0 0 0 0 0 0 0 0 0 0 0 0.488466 0.493528
0.496060 0 0 0 0 0 0 0 0 0 0 0 0 0 0 0 0.493528 0.498591
0.501122 0 0 0 0 0 0 0 0 0 0 0 0 0 0 0 0.498591 0.503654
0.506185 0 0 0 0 0 0 0 0 0 0 0 0 0 0 0 0.503654 0.508716
0.511247 0 0 0 0 0 0 0 0 0 0 0 0 0 0 0 0.508716 0.513778
0.516310 0 0 0 0 0 0 0 0 0 0 0 0 0 0 0 0.513778 0.518841
0.521372 0 0 0 0 0 0 0 0 0 0 0 0 0 0 0 0.518841 0.523903
0.526435 0 0 0 0 0 0 0 0 0 0 0 0 0 0 0 0.523903 0.528966
0.531497 0 0 0 0 0 0 0 0 0 0 0 0 0 0 0 0.528966 0.534029
0.536560 0 0 0 0 0 0 0 0 0 0 0 0 0 0 0 0.534029 0.539091
0.541622 0 0 0 0 0 0 0 0 0 0 0 0 0 0 0 0.539091 0.544153
0.546685 0 0 0 0 0 0 0 0 0 0 0 0 0 0 0 0.544153 0.549216
0.551747 0 0 0 0 0 0 0 0 0 0 0 0 0 0 0 0.549216 0.554278
0.556810 0 0 0 0 0 0 0 0 0 0 0 0 0 0 0 0.554278 0.559341
0.561872 0 0 0 0 0 0 0 0 0 0 0 0 0 0 0 0.559341 0.564404
0.566935 0 0 0 0 0 0 0 0 0 0 0 0 0 0 0 0.564404 0.569466
0.571997 0 0 0 0 0 0 0 0 0 0 0 0 0 0 0 0.569466 0.574528
0.577060 0 0 0 0 0 0 0 0 0 0 0 0 0 0 0 0.574528 0.579592
0.582123 0 0 0 0 0 0 0 0 0 0 0 0 0 0 0 0.579592 0.584654
0.587185 0 0 0 0 0 0 0 0 0 0 0 0 0 0 0 0.584654 0.589717
0.592248 0 0 0 0 0 0 0 0 0 0 0 0 0 0 0 0.589717 0.594779
0.597310 0 0 0 0 0 0 0 0 0 0 0 0 0 0 0 0.594779 0.599841
0.602373 0 0 0 0 0 0 0 0 0 0 0 0 0 0 0 0.599841 0.604904
0.607435 0 0 0 0 0 0 0 0 0 0 0 0 0 0 0 0.604904 0.609967
0.612498 0 0 0 0 0 0 0 0 0 0 0 0 0 0 0 0.609967 0.615029
0.617560 0 0 0 0 0 0 0 0 0 0 0 0 0 0 0 0.615029 0.620092
0.622623 0 0 0 0 0 0 0 0 0 0 0 0 0 0 0 0.620092 0.625154
0.627685 0 0 0 0 0 0 0 0 0 0 0 0 0 0 0 0.625154 0.630216
0.632748 0 0 0 0 0 0 0 0 0 0 0 0 0 0 0 0.630216 0.635279
0.637810 0 0 0 0 0 0 0 0 0 0 0 0 0 0 0 0.635279 0.640342
0.642873 0 0 0 0 0 0 0 0 0 0 0 0 0 0 0 0.640342 0.645404
0.647935 0 0 0 0 0 0 0 0 0 0 0 0 0 0 0 0.645404 0.650466
0.652998 0 0 0 0 0 0 0 0 0 0 0 0 0 0 0 0.650466 0.655529
0.658060 0 0 0 0 0 0 0 0 0 0 0 0 0 0 0 0.655529 0.660591
0.663123 0 0 0 0 0 0 0 0 0 0 0 0 0 0 0 0.660591 0.665654
0.668185 0 0 0 0 0 0 0 0 0 0 0 0 0 0 0 0.665654 0.670717
0.673248 0 0 0 0 0 0 0 0 0 0 0 0 0 0 0 0.670717 0.675779
0.678310 0 0 0 0 0 0 0 0 0 0 0 0 0 0 0 0.675779 0.680841
0.684006 0 0 0 0 0 0 0 0 0 0 0 0 0 0 0 0.680841 0.687170
0.690967 0 0 0 0 0 0 0 0 0 0 0 0 0 0 0 0.687170 0.694764
0.698560 0 0 0 0 0 0 0 0 0 0 0 0 0 0 0 0.694764 0.702357
0.706154 0 0 0 0 0 0 0 0 0 0 0 0 0 0 0 0.702357 0.709951
0.713748 0 0 0 0 0 0 0 0 0 0 0 0 0 0 0 0.709951 0.717545
0.721342 0 0 0 0 0 0 0 0 0 0 0 0 0 0 0 0.717545 0.725139
0.728935 0 0 0 0 0 0 0 0 0 0 0 0 0 0 0 0.725139 0.732732
0.736529 0 0 0 0 0 0 0 0 0 0 0 0 0 0 0 0.732732 0.740326
0.744123 0 0 0 0 0 0 0 0 0 0 0 0 0 0 0 0.740326 0.747920
0.751717 0 0 0 0 0 0 0 0 0 0 0 0 0 0 0 0.747920 0.755513
0.759310 0 0 0 0 0 0 0 0 0 0 0 0 0 0 0 0.755513 0.763107
0.766904 0 0 0 0 0 0 0 0 0 0 0 0 0 0 0 0.763107 0.770701
0.774498 0 0 0 0 0 0 0 0 0 0 0 0 0 0 0 0.770701 0.778295
0.782092 0 0 0 0 0 0 0 0 0 0 0 0 0 0 0 0.778295 0.785888
0.789685 0 0 0 0 0 0 0 0 0 0 0 0 0 0 0 0.785888 0.793482
0.797279 0 0 0 0 0 0 0 0 0 0 0 0 0 0 0 0.793482 0.801076
0.804873 0 0 0 0 0 0 0 0 0 0 0 0 0 0 0 0.801076 0.808670
0.812467 0 0 0 0 0 0 0 0 0 0 0 0 0 0 0 0.808670 0.816263
0.820060 0 0 0 0 0 0 0 0 0 0 0 0 0 0 0 0.816263 0.823857
0.827654 0 0 0 0 0 0 0 0 0 0 0 0 0 0 0 0.823857 0.831451
0.835248 0 0 0 0 0 0 0 0 0 0 0 0 0 0 0 0.831451 0.839045
0.842842 0 0 0 0 0 0 0 0 0 0 0 0 0 0 0 0.839045 0.846639
0.850435 0 0 0 0 0 0 0 0 0 0 0 0 0 0 0 0.846639 0.854232
0.858029 0 0 0 0 0 0 0 0 0 0 0 0 0 0 0 0.854232 0.861826
0.865623 0 0 0 0 0 0 0 0 0 0 0 0 0 0 0 0.861826 0.869420
0.873217 0 0 0 0 0 0 0 0 0 0 0 0 0 0 0 0.869420 0.877014
0.880810 0 0 0 0 0 0 0 0 0 0 0 0 0 0 0 0.877014 0.884607
0.888404 0 0 0 0 0 0 0 0 0 0 0 0 0 0 0 0.884607 0.892201
0.895998 0 0 0 0 0 0 0 0 0 0 0 0 0 0 0 0.892201 0.899795
0.903592 0 0 0 0 0 0 0 0 0 0 0 0 0 0 0 0.899795 0.907389
0.911185 0 0 0 0 0 0 0 0 0 0 0 0 0 0 0 0.907389 0.914982
0.918779 0 0 0 0 0 0 0 0 0 0 0 0 0 0 0 0.914982 0.922576
0.926373 0 0 0 0 0 0 0 0 0 0 0 0 0 0 0 0.922576 0.930170
0.933967 0 0 0 0 0 0 0 0 0 0 0 0 0 0 0 0.930170 0.937763
0.941560 0 0 0 0 0 0 0 0 0 0 0 0 0 0 0 0.937763 0.945357
0.949154 0 0 0 0 0 0 0 0 0 0 0 0 0 0 0 0.945357 0.952951
0.956748 0 0 0 0 0 0 0 0 0 0 0 0 0 0 0 0.952951 0.960545
0.964342 0 0 0 0 0 0 0 0 0 0 0 0 0 0 0 0.960545 0.968138
0.971935 0 0 0 0 0 0 0 0 0 0 0 0 0 0 0 0.968138 0.975732
0.979529 0 0 0 0 0 0 0 0 0 0 0 0 0 0 0 0.975732 0.983326
0.987123 0 0 0 0 0 0 0 0 0 0 0 0 0 0 0 0.983326 0.990920
0.994717 0 0 0 0 0 0 0 0 0 0 0 0 0 0 0 0.990920 0.998514
1.000412 0 0 0 0 0 0 0 0 0 0 0 0 0 0 0 0.998514 1.002310
