#Observed stellar mass range: 11.4 < log10(M*/Msun) < 11.6
#Quenched threshold: Obs. SFR / Obs. SM < 1e-11 / yr
#SFHs in units of observed Msun/yr.
#True SFHs rescaled by average systematic offset of -0.248604 dex to be consistent with average observed stellar mass in bin.
#See documentation for explanation of true vs. observed SFRs and SMs.
#Bestfit galaxies in bin: 260
#Bestfit SF galaxies in bin: 181
#Bestfit Q galaxies in bin: 79
#Bestfit central galaxies in bin: 238
#Bestfit satellite galaxies in bin: 22
#Avg_scale_factor <SFH_all> Err+ Err- <SFH_SF> Err+ Err- <SFH_Q> Err+ Err- <SFH_Cen> Err+ Err- <SFH_Sat> Err+ Err- Scale_factor_begin Scale_factor_end
0.028936 0.0170671 -0.00578158 0.0170671 0.0143367 -0.00965874 0.0143367 0.0233228 0.0033612 0.0233228 0.0186447 -0.00643149 0.0186447 0 0 0 0.000000 0.057873
0.059561 0.089664 0.0715397 0.0879248 0.0210509 0.0458421 0.0204665 0.246866 0.139268 0.244632 0.0973964 0.0780623 0.0956551 0.00601393 0.0258066 0.00601344 0.057873 0.061248
0.062373 0.128428 0.174321 0.123334 0.0333584 0.121438 0.0308592 0.346246 0.153189 0.336116 0.135134 0.161732 0.129606 0.0558788 0.133582 0.0550631 0.061248 0.063498
0.064623 0.490255 0.406494 0.460689 0.210341 0.298496 0.190626 1.13158 0.485655 1.10083 0.488777 0.395597 0.458865 0.506238 0.590111 0.492531 0.063498 0.065748
0.066873 0.90574 0.431083 0.835464 0.660948 0.451299 0.59741 1.46659 0.523963 1.38793 0.927412 0.434993 0.856197 0.671298 0.428851 0.64885 0.065748 0.067998
0.069123 1.86063 -0.228991 1.69584 0.739846 0.290713 0.639159 4.42851 -1.39961 4.23798 1.95001 -0.275392 1.78105 0.893771 0.501573 0.82749 0.067998 0.070248
0.071373 0.947923 1.0327 0.750271 0.766788 0.516176 0.617606 1.36293 1.60349 1.097 0.984697 0.978506 0.776193 0.550104 0.472387 0.460049 0.070248 0.072498
0.073623 1.61385 0.801004 1.27604 1.33336 0.370083 1.07199 2.25649 1.74373 1.82009 1.70052 0.770829 1.3544 0.676214 0.440625 0.547249 0.072498 0.074748
0.075873 1.97355 1.13428 1.5135 1.26064 0.588403 0.900107 3.60692 1.73329 3.01781 2.0874 1.11479 1.6187 0.741904 0.487975 0.562798 0.074748 0.076998
0.078123 1.95211 1.27994 1.37484 1.23939 0.508426 0.87702 3.58506 2.57014 2.7004 2.06823 1.26732 1.47245 0.695895 0.577675 0.473681 0.076998 0.079248
0.080373 2.55022 1.67545 1.74211 1.58399 0.75702 1.05173 4.76397 3.35012 3.6451 2.66229 1.73031 1.84855 1.3378 0.938685 0.934663 0.079248 0.081498
0.082904 2.51845 1.465 1.72102 1.55622 0.769758 0.991788 4.72305 2.3818 3.60079 2.62549 1.50011 1.79502 1.36048 1.02697 0.889994 0.081498 0.084311
0.085998 3.44735 2.13782 2.15742 2.29164 1.18543 1.34403 6.09525 3.41743 4.36693 3.54063 2.05232 2.20807 2.43827 1.6616 1.6291 0.084311 0.087685
0.089373 3.79461 3.41193 2.06706 2.99338 1.16188 1.63707 5.63033 6.38167 3.63902 3.85437 3.45466 2.11899 3.14803 3.21217 1.82305 0.087685 0.091061
0.092748 4.58193 3.78773 2.19916 3.60263 1.53268 1.94888 6.82565 8.24213 3.54562 4.73406 3.9575 2.28416 2.93613 2.22933 1.36436 0.091061 0.094435
0.096123 5.36442 4.07733 2.40492 4.26018 1.65047 2.36703 7.8944 7.73017 3.96694 5.43856 4.36812 2.54665 4.56237 3.05924 2.24862 0.094435 0.097811
0.099498 6.90024 4.02061 2.97383 5.49028 2.20146 2.9391 10.1307 7.69359 5.15328 7.16377 4.17638 3.18058 4.04941 3.81624 1.47607 0.097811 0.101186
0.102873 9.53928 4.92575 4.27357 7.63349 2.14223 3.83843 13.9057 11.0644 6.91082 10.0219 4.95965 4.52107 4.31831 2.88481 1.77829 0.101186 0.104560
0.106248 11.5021 7.10268 5.23277 7.98254 3.52383 3.11831 19.566 12.309 11.5412 12.0325 7.62635 5.52904 5.76507 2.63645 2.83301 0.104560 0.107936
0.109623 14.6509 10.0775 7.09491 8.99524 3.9356 3.20093 27.6088 22.8019 17.8515 15.3983 10.9769 7.56929 6.56536 3.22237 3.00233 0.107936 0.111310
0.112998 18.8317 10.6195 9.76202 11.1379 4.45937 4.57753 36.4592 20.3495 23.7633 19.8032 10.8613 10.3147 8.32179 3.9176 4.13409 0.111310 0.114686
0.116373 22.0534 13.6859 11.5873 12.3958 6.33842 4.86562 44.1803 18.575 28.508 23.2973 13.7904 12.2999 8.59661 4.48493 3.88572 0.114686 0.118060
0.119748 24.2711 14.174 12.1449 14.5714 5.5207 6.34345 46.4946 25.0772 28.1214 25.3216 14.3728 13.0492 12.9069 7.70351 5.98466 0.118060 0.121435
0.123123 27.1663 15.3343 12.522 16.9598 6.54176 7.2614 50.5509 28.0616 29.2854 27.3357 15.7774 12.9685 25.3337 8.78616 14.6554 0.121435 0.124811
0.126498 31.6141 15.4925 14.1664 20.9543 6.77899 8.72553 56.0372 28.9141 30.7416 32.0278 16.0277 14.4869 27.1383 10.7109 14.817 0.124811 0.128185
0.129873 35.348 13.6558 15.1785 24.8878 5.73858 10.3297 59.3139 32.0243 30.9533 35.3731 14.2838 15.3262 35.0772 12.4266 19.6692 0.128185 0.131561
0.133248 38.1815 21.1955 14.99 27.7348 8.91806 10.947 62.1164 48.0231 28.222 37.9803 22.1762 14.7402 40.359 15.5957 23.0596 0.131561 0.134935
0.137045 48.9336 19.2303 21.3796 35.4706 7.57727 15.0095 79.7793 48.7443 40.3062 48.1686 20.9292 20.393 57.2098 16.7431 34.7065 0.134935 0.139154
0.141685 64.3069 18.9578 30.7625 40.3593 10.7326 16.5685 119.174 42.7091 69.5576 65.1636 18.7307 31.416 55.0393 28.2685 31.0475 0.139154 0.144217
0.146748 81.3253 17.2827 41.2566 42.9835 16.7331 16.717 169.172 17.408 105.889 83.1875 17.3108 41.9673 61.1799 26.771 35.2943 0.144217 0.149279
0.151810 85.8855 23.96 38.5605 48.7255 22.1066 17.6392 171.024 31.732 93.3887 87.3816 23.8366 39.222 69.7007 36.6892 38.538 0.149279 0.154342
0.156873 94.8416 28.7991 41.238 47.3362 29.1179 13.2199 203.683 43.6618 115.827 96.8515 27.7072 42.7447 73.0982 47.3173 34.2228 0.154342 0.159404
0.161935 104.043 27.3132 39.7387 55.1593 28.359 16.6257 216.043 34.018 106.061 104.536 28.0925 39.5227 98.7131 44.0258 48.2117 0.159404 0.164467
0.166998 105.045 43.9168 34.0426 62.5711 40.3057 18.6002 202.359 60.232 80.9757 106.815 42.3899 35.655 85.8977 65.676 30.5352 0.164467 0.169529
0.172060 114.899 45.8374 35.4899 72.0313 43.0804 21.1468 213.116 60.7224 82.6826 116.224 45.5701 35.6726 100.567 56.8289 37.2764 0.169529 0.174591
0.177123 120.241 52.6918 31.4349 87.8407 38.9185 26.856 194.473 77.6641 62.6219 122.931 50.9511 33.6905 91.1359 66.9635 31.1712 0.174591 0.179654
0.182185 123.739 60.5673 32.6642 94.0576 47.9618 27.9421 191.742 91.3701 58.9084 128.29 57.8601 35.2257 74.5017 55.5649 17.1257 0.179654 0.184716
0.187248 134.042 60.2697 36.0011 104.709 48.7852 29.4795 201.247 88.663 63.7317 138.381 56.9603 37.8722 87.0979 69.4555 21.3195 0.184716 0.189779
0.192310 150.806 55.3576 39.5331 125.45 42.0681 39.6665 208.9 94.8903 60.4122 155.544 55.0437 41.2526 99.5476 47.149 31.0702 0.189779 0.194842
0.197373 168.641 44.6993 46.1701 144.137 35.4122 46.9621 224.784 89.3641 65.8834 174.031 44.9393 48.2347 110.339 55.628 27.0996 0.194842 0.199904
0.202435 191.477 43.9264 56.3401 162.119 33.4084 58.1581 258.739 74.5776 85.5154 196.502 44.1864 58.8614 137.117 50.2084 44.0062 0.199904 0.204967
0.207498 198.77 43.9721 61.0496 169.627 32.5073 56.3251 265.539 78.031 92.4134 203.432 45.3892 60.7833 148.331 52.5137 54.7757 0.204967 0.210029
0.212560 206.933 38.6375 62.1558 176.783 28.6045 56.0605 276.01 70.6484 97.6759 213.178 40.099 63.5712 139.375 45.0269 50.7337 0.210029 0.215091
0.217623 205.111 43.1688 56.7789 180.656 26.3936 50.184 261.141 70.2287 92.2865 208.473 43.2788 57.7366 168.732 46.1047 56.7254 0.215091 0.220154
0.222685 210.448 55.108 55.7667 188.097 32.7138 47.8037 261.656 91.7612 90.5582 211.046 52.6226 53.4645 203.98 73.9913 77.4977 0.220154 0.225217
0.227748 204.688 66.0413 51.5801 196.284 45.6626 51.6117 223.943 103.07 67.7527 207.359 58.6007 53.1824 175.8 135.114 47.6529 0.225217 0.230279
0.232810 208.437 68.5791 53.3532 204.889 52.9868 55.3072 216.566 92.7911 71.331 213.888 62.2426 54.873 149.471 127.645 26.8526 0.230279 0.235342
0.237873 206.802 66.6541 51.8979 212.401 53.2579 56.0901 193.974 105.928 59.6408 210.838 62.2168 53.635 163.142 129.089 33.5203 0.235342 0.240404
0.242935 199.498 72.0797 46.6846 208.776 49.8155 54.6612 178.242 117.326 53.6796 203.174 65.3102 49.0449 159.726 137.65 42.3817 0.240404 0.245467
0.247998 194.153 73.2947 44.893 210.633 49.9892 50.9105 156.395 123.129 42.522 196.512 75.0006 45.1366 168.633 103.989 41.5808 0.245467 0.250529
0.253060 175.142 83.5049 34.2476 196.367 52.5219 44.4551 126.511 121.78 29.1592 177.819 82.9989 34.7908 146.176 91.5758 24.1461 0.250529 0.255592
0.258123 165.474 73.1716 31.8052 189.028 50.8124 41.3901 111.511 122.218 24.6783 168.795 75.2391 33.6375 129.553 93.8108 9.57453 0.255592 0.260654
0.263185 155.427 73.2636 27.7959 182.262 63.052 35.7359 93.9437 118.305 20.919 158.031 74.5573 29.2103 127.258 101.816 8.46767 0.260654 0.265716
0.268248 150.961 72.7367 28.8374 181.18 59.9055 36.6369 81.7263 99.3216 19.2075 152.066 72.0701 29.8365 139.009 91.0391 22.6761 0.265716 0.270779
0.273310 141.952 74.0028 28.5297 176.638 70.5122 33.7229 62.4807 84.5635 14.9956 141.45 73.4913 29.2731 147.381 103.227 23.2894 0.270779 0.275842
0.278373 133.642 70.9085 28.3998 170.929 73.9513 36.4605 48.2134 67.0745 12.7929 134.72 71.4984 30.6262 121.983 84.8417 20.538 0.275842 0.280904
0.283435 119.346 59.7187 26.1167 157.071 76.0881 31.5064 32.9122 49.3017 9.79112 121.99 60.9185 27.6007 90.7472 59.7674 14.247 0.280904 0.285967
0.288498 106.849 52.2444 22.2818 145.367 71.3543 27.7836 18.5992 29.8462 5.14849 110.387 51.956 24.3026 68.573 74.9198 6.70058 0.285967 0.291029
0.293560 94.5615 41.0661 22.1797 132.971 71.3586 26.6804 6.56018 15.2053 2.45692 98.5344 42.3443 24.1083 51.5823 61.7253 6.46203 0.291029 0.296091
0.298623 82.7051 37.957 18.6515 118.519 66.2848 22.6928 0.650674 0.242614 0.272051 86.3769 37.5637 20.0908 42.9828 48.7235 5.72012 0.296091 0.301154
0.303685 0 0 0 0 0 0 0 0 0 0 0 0 0 0 0 0.301154 0.306217
0.308748 0 0 0 0 0 0 0 0 0 0 0 0 0 0 0 0.306217 0.311279
0.313810 0 0 0 0 0 0 0 0 0 0 0 0 0 0 0 0.311279 0.316341
0.318873 0 0 0 0 0 0 0 0 0 0 0 0 0 0 0 0.316341 0.321404
0.323935 0 0 0 0 0 0 0 0 0 0 0 0 0 0 0 0.321404 0.326466
0.328997 0 0 0 0 0 0 0 0 0 0 0 0 0 0 0 0.326466 0.331528
0.334060 0 0 0 0 0 0 0 0 0 0 0 0 0 0 0 0.331528 0.336591
0.339122 0 0 0 0 0 0 0 0 0 0 0 0 0 0 0 0.336591 0.341653
0.344185 0 0 0 0 0 0 0 0 0 0 0 0 0 0 0 0.341653 0.346716
0.349247 0 0 0 0 0 0 0 0 0 0 0 0 0 0 0 0.346716 0.351779
0.354310 0 0 0 0 0 0 0 0 0 0 0 0 0 0 0 0.351779 0.356841
0.359372 0 0 0 0 0 0 0 0 0 0 0 0 0 0 0 0.356841 0.361903
0.364435 0 0 0 0 0 0 0 0 0 0 0 0 0 0 0 0.361903 0.366966
0.369497 0 0 0 0 0 0 0 0 0 0 0 0 0 0 0 0.366966 0.372028
0.374560 0 0 0 0 0 0 0 0 0 0 0 0 0 0 0 0.372028 0.377091
0.379622 0 0 0 0 0 0 0 0 0 0 0 0 0 0 0 0.377091 0.382154
0.384685 0 0 0 0 0 0 0 0 0 0 0 0 0 0 0 0.382154 0.387216
0.389747 0 0 0 0 0 0 0 0 0 0 0 0 0 0 0 0.387216 0.392278
0.394810 0 0 0 0 0 0 0 0 0 0 0 0 0 0 0 0.392278 0.397341
0.399872 0 0 0 0 0 0 0 0 0 0 0 0 0 0 0 0.397341 0.402404
0.404935 0 0 0 0 0 0 0 0 0 0 0 0 0 0 0 0.402404 0.407466
0.409997 0 0 0 0 0 0 0 0 0 0 0 0 0 0 0 0.407466 0.412529
0.415060 0 0 0 0 0 0 0 0 0 0 0 0 0 0 0 0.412529 0.417591
0.420122 0 0 0 0 0 0 0 0 0 0 0 0 0 0 0 0.417591 0.422653
0.425185 0 0 0 0 0 0 0 0 0 0 0 0 0 0 0 0.422653 0.427716
0.430247 0 0 0 0 0 0 0 0 0 0 0 0 0 0 0 0.427716 0.432779
0.435310 0 0 0 0 0 0 0 0 0 0 0 0 0 0 0 0.432779 0.437841
0.440372 0 0 0 0 0 0 0 0 0 0 0 0 0 0 0 0.437841 0.442903
0.445435 0 0 0 0 0 0 0 0 0 0 0 0 0 0 0 0.442903 0.447966
0.450497 0 0 0 0 0 0 0 0 0 0 0 0 0 0 0 0.447966 0.453029
0.455560 0 0 0 0 0 0 0 0 0 0 0 0 0 0 0 0.453029 0.458091
0.460622 0 0 0 0 0 0 0 0 0 0 0 0 0 0 0 0.458091 0.463154
0.465685 0 0 0 0 0 0 0 0 0 0 0 0 0 0 0 0.463154 0.468216
0.470747 0 0 0 0 0 0 0 0 0 0 0 0 0 0 0 0.468216 0.473278
0.475810 0 0 0 0 0 0 0 0 0 0 0 0 0 0 0 0.473278 0.478341
0.480872 0 0 0 0 0 0 0 0 0 0 0 0 0 0 0 0.478341 0.483404
0.485935 0 0 0 0 0 0 0 0 0 0 0 0 0 0 0 0.483404 0.488466
0.490997 0 0 0 0 0 0 0 0 0 0 0 0 0 0 0 0.488466 0.493528
0.496060 0 0 0 0 0 0 0 0 0 0 0 0 0 0 0 0.493528 0.498591
0.501122 0 0 0 0 0 0 0 0 0 0 0 0 0 0 0 0.498591 0.503654
0.506185 0 0 0 0 0 0 0 0 0 0 0 0 0 0 0 0.503654 0.508716
0.511247 0 0 0 0 0 0 0 0 0 0 0 0 0 0 0 0.508716 0.513778
0.516310 0 0 0 0 0 0 0 0 0 0 0 0 0 0 0 0.513778 0.518841
0.521372 0 0 0 0 0 0 0 0 0 0 0 0 0 0 0 0.518841 0.523903
0.526435 0 0 0 0 0 0 0 0 0 0 0 0 0 0 0 0.523903 0.528966
0.531497 0 0 0 0 0 0 0 0 0 0 0 0 0 0 0 0.528966 0.534029
0.536560 0 0 0 0 0 0 0 0 0 0 0 0 0 0 0 0.534029 0.539091
0.541622 0 0 0 0 0 0 0 0 0 0 0 0 0 0 0 0.539091 0.544153
0.546685 0 0 0 0 0 0 0 0 0 0 0 0 0 0 0 0.544153 0.549216
0.551747 0 0 0 0 0 0 0 0 0 0 0 0 0 0 0 0.549216 0.554278
0.556810 0 0 0 0 0 0 0 0 0 0 0 0 0 0 0 0.554278 0.559341
0.561872 0 0 0 0 0 0 0 0 0 0 0 0 0 0 0 0.559341 0.564404
0.566935 0 0 0 0 0 0 0 0 0 0 0 0 0 0 0 0.564404 0.569466
0.571997 0 0 0 0 0 0 0 0 0 0 0 0 0 0 0 0.569466 0.574528
0.577060 0 0 0 0 0 0 0 0 0 0 0 0 0 0 0 0.574528 0.579592
0.582123 0 0 0 0 0 0 0 0 0 0 0 0 0 0 0 0.579592 0.584654
0.587185 0 0 0 0 0 0 0 0 0 0 0 0 0 0 0 0.584654 0.589717
0.592248 0 0 0 0 0 0 0 0 0 0 0 0 0 0 0 0.589717 0.594779
0.597310 0 0 0 0 0 0 0 0 0 0 0 0 0 0 0 0.594779 0.599841
0.602373 0 0 0 0 0 0 0 0 0 0 0 0 0 0 0 0.599841 0.604904
0.607435 0 0 0 0 0 0 0 0 0 0 0 0 0 0 0 0.604904 0.609967
0.612498 0 0 0 0 0 0 0 0 0 0 0 0 0 0 0 0.609967 0.615029
0.617560 0 0 0 0 0 0 0 0 0 0 0 0 0 0 0 0.615029 0.620092
0.622623 0 0 0 0 0 0 0 0 0 0 0 0 0 0 0 0.620092 0.625154
0.627685 0 0 0 0 0 0 0 0 0 0 0 0 0 0 0 0.625154 0.630216
0.632748 0 0 0 0 0 0 0 0 0 0 0 0 0 0 0 0.630216 0.635279
0.637810 0 0 0 0 0 0 0 0 0 0 0 0 0 0 0 0.635279 0.640342
0.642873 0 0 0 0 0 0 0 0 0 0 0 0 0 0 0 0.640342 0.645404
0.647935 0 0 0 0 0 0 0 0 0 0 0 0 0 0 0 0.645404 0.650466
0.652998 0 0 0 0 0 0 0 0 0 0 0 0 0 0 0 0.650466 0.655529
0.658060 0 0 0 0 0 0 0 0 0 0 0 0 0 0 0 0.655529 0.660591
0.663123 0 0 0 0 0 0 0 0 0 0 0 0 0 0 0 0.660591 0.665654
0.668185 0 0 0 0 0 0 0 0 0 0 0 0 0 0 0 0.665654 0.670717
0.673248 0 0 0 0 0 0 0 0 0 0 0 0 0 0 0 0.670717 0.675779
0.678310 0 0 0 0 0 0 0 0 0 0 0 0 0 0 0 0.675779 0.680841
0.684006 0 0 0 0 0 0 0 0 0 0 0 0 0 0 0 0.680841 0.687170
0.690967 0 0 0 0 0 0 0 0 0 0 0 0 0 0 0 0.687170 0.694764
0.698560 0 0 0 0 0 0 0 0 0 0 0 0 0 0 0 0.694764 0.702357
0.706154 0 0 0 0 0 0 0 0 0 0 0 0 0 0 0 0.702357 0.709951
0.713748 0 0 0 0 0 0 0 0 0 0 0 0 0 0 0 0.709951 0.717545
0.721342 0 0 0 0 0 0 0 0 0 0 0 0 0 0 0 0.717545 0.725139
0.728935 0 0 0 0 0 0 0 0 0 0 0 0 0 0 0 0.725139 0.732732
0.736529 0 0 0 0 0 0 0 0 0 0 0 0 0 0 0 0.732732 0.740326
0.744123 0 0 0 0 0 0 0 0 0 0 0 0 0 0 0 0.740326 0.747920
0.751717 0 0 0 0 0 0 0 0 0 0 0 0 0 0 0 0.747920 0.755513
0.759310 0 0 0 0 0 0 0 0 0 0 0 0 0 0 0 0.755513 0.763107
0.766904 0 0 0 0 0 0 0 0 0 0 0 0 0 0 0 0.763107 0.770701
0.774498 0 0 0 0 0 0 0 0 0 0 0 0 0 0 0 0.770701 0.778295
0.782092 0 0 0 0 0 0 0 0 0 0 0 0 0 0 0 0.778295 0.785888
0.789685 0 0 0 0 0 0 0 0 0 0 0 0 0 0 0 0.785888 0.793482
0.797279 0 0 0 0 0 0 0 0 0 0 0 0 0 0 0 0.793482 0.801076
0.804873 0 0 0 0 0 0 0 0 0 0 0 0 0 0 0 0.801076 0.808670
0.812467 0 0 0 0 0 0 0 0 0 0 0 0 0 0 0 0.808670 0.816263
0.820060 0 0 0 0 0 0 0 0 0 0 0 0 0 0 0 0.816263 0.823857
0.827654 0 0 0 0 0 0 0 0 0 0 0 0 0 0 0 0.823857 0.831451
0.835248 0 0 0 0 0 0 0 0 0 0 0 0 0 0 0 0.831451 0.839045
0.842842 0 0 0 0 0 0 0 0 0 0 0 0 0 0 0 0.839045 0.846639
0.850435 0 0 0 0 0 0 0 0 0 0 0 0 0 0 0 0.846639 0.854232
0.858029 0 0 0 0 0 0 0 0 0 0 0 0 0 0 0 0.854232 0.861826
0.865623 0 0 0 0 0 0 0 0 0 0 0 0 0 0 0 0.861826 0.869420
0.873217 0 0 0 0 0 0 0 0 0 0 0 0 0 0 0 0.869420 0.877014
0.880810 0 0 0 0 0 0 0 0 0 0 0 0 0 0 0 0.877014 0.884607
0.888404 0 0 0 0 0 0 0 0 0 0 0 0 0 0 0 0.884607 0.892201
0.895998 0 0 0 0 0 0 0 0 0 0 0 0 0 0 0 0.892201 0.899795
0.903592 0 0 0 0 0 0 0 0 0 0 0 0 0 0 0 0.899795 0.907389
0.911185 0 0 0 0 0 0 0 0 0 0 0 0 0 0 0 0.907389 0.914982
0.918779 0 0 0 0 0 0 0 0 0 0 0 0 0 0 0 0.914982 0.922576
0.926373 0 0 0 0 0 0 0 0 0 0 0 0 0 0 0 0.922576 0.930170
0.933967 0 0 0 0 0 0 0 0 0 0 0 0 0 0 0 0.930170 0.937763
0.941560 0 0 0 0 0 0 0 0 0 0 0 0 0 0 0 0.937763 0.945357
0.949154 0 0 0 0 0 0 0 0 0 0 0 0 0 0 0 0.945357 0.952951
0.956748 0 0 0 0 0 0 0 0 0 0 0 0 0 0 0 0.952951 0.960545
0.964342 0 0 0 0 0 0 0 0 0 0 0 0 0 0 0 0.960545 0.968138
0.971935 0 0 0 0 0 0 0 0 0 0 0 0 0 0 0 0.968138 0.975732
0.979529 0 0 0 0 0 0 0 0 0 0 0 0 0 0 0 0.975732 0.983326
0.987123 0 0 0 0 0 0 0 0 0 0 0 0 0 0 0 0.983326 0.990920
0.994717 0 0 0 0 0 0 0 0 0 0 0 0 0 0 0 0.990920 0.998514
1.000412 0 0 0 0 0 0 0 0 0 0 0 0 0 0 0 0.998514 1.002310
