#Peak halo mass range: 13.625 < log10(Mh/Msun) < 13.875
#Quenched threshold: True SFR / True SM < 1e-11 / yr
#True SFHs in units of Msun/yr.
#See documentation for explanation of true vs. observed SFRs and SMs.
#Bestfit halos in bin: 19
#Bestfit SF halos in bin: 0
#Bestfit Q halos in bin: 19
#Bestfit central halos in bin: 19
#Bestfit satellite halos in bin: 0
#Avg_scale_factor <SFH_all> Err+ Err- <SFH_SF> Err+ Err- <SFH_Q> Err+ Err- <SFH_Cen> Err+ Err- <SFH_Sat> Err+ Err- Scale_factor_begin Scale_factor_end
0.028936 0 9.93776e-07 0 0 0 0 0 1.04899e-06 0 0 9.93776e-07 0 0 0 0 0.000000 0.057873
0.059561 0.117162 0.494953 0.112756 0 0.113294 0 0.117162 0.460444 0.112756 0.117162 0.494953 0.112756 0 0 0 0.057873 0.061248
0.062373 0.64305 0.820879 0.616507 0 0.284083 0 0.64305 0.799525 0.616507 0.64305 0.820879 0.616507 0 0 0 0.061248 0.063498
0.064623 1.32018 0.506435 1.24761 0 0.121381 0 1.32018 0.5601 1.24761 1.32018 0.506435 1.24761 0 0 0 0.063498 0.065748
0.066873 2.33275 0.381545 2.14394 0 0.243368 0 2.33275 0.381545 2.14394 2.33275 0.381545 2.14394 0 0 0 0.065748 0.067998
0.069123 3.92826 1.04099 3.46486 0 0.869854 0 3.92826 1.09723 3.46486 3.92826 1.04099 3.46486 0 0 0 0.067998 0.070248
0.071373 4.58284 0.815275 3.85727 0 1.95467 0 4.58284 0.815275 3.85018 4.58284 0.815275 3.85727 0 0 0 0.070248 0.072498
0.073623 5.59287 2.93687 4.40874 0 4.13821 0 5.59287 2.93687 4.40874 5.59287 2.93687 4.40874 0 0 0 0.072498 0.074748
0.075873 6.0793 2.78616 4.39506 0 6.70097 0 6.0793 2.67729 4.39506 6.0793 2.78616 4.39506 0 0 0 0.074748 0.076998
0.078123 5.01579 2.71386 3.41621 0 4.09892 0 5.01579 2.62965 3.41519 5.01579 2.71386 3.41621 0 0 0 0.076998 0.079248
0.080373 5.46172 1.67704 3.62919 0 2.92162 0 5.46172 1.72418 3.63696 5.46172 1.67704 3.62919 0 0 0 0.079248 0.081498
0.082904 5.52388 1.7933 3.47493 0 1.31719 0 5.52388 1.8214 3.47493 5.52388 1.7933 3.47493 0 0 0 0.081498 0.084311
0.085998 10.98 2.25092 6.85086 0 0.580577 0 10.98 2.70261 6.71405 10.98 2.25092 6.85086 0 0 0 0.084311 0.087685
0.089373 16.3332 4.80322 9.09452 0 1.31652 0 16.3332 4.80322 9.05306 16.3332 4.80322 9.09452 0 0 0 0.087685 0.091061
0.092748 22.7815 8.63547 11.2993 0 2.01422 0 22.7815 8.93998 11.2005 22.7815 8.63547 11.2993 0 0 0 0.091061 0.094435
0.096123 31.8375 15.6122 16.3134 0 3.04901 0 31.8375 16.9351 15.8236 31.8375 15.6122 16.3134 0 0 0 0.094435 0.097811
0.099498 27.8219 10.9595 11.9449 0 7.94778 0 27.8219 9.2912 11.9449 27.8219 10.9595 11.9449 0 0 0 0.097811 0.101186
0.102873 34.9996 13.5098 15.2716 0 6.99836 0 34.9996 9.11001 14.8768 34.9996 13.5098 15.2716 0 0 0 0.101186 0.104560
0.106248 35.537 10.3501 14.2238 0 9.50244 0 35.537 9.61056 15.382 35.537 10.3501 14.2238 0 0 0 0.104560 0.107936
0.109623 29.0688 9.87215 12.0659 0 9.36528 0 29.0688 10.6774 11.9604 29.0688 9.87215 12.0659 0 0 0 0.107936 0.111310
0.112998 49.893 24.4566 19.9582 0 24.9419 0 49.893 24.9245 19.9582 49.893 24.4566 19.9582 0 0 0 0.111310 0.114686
0.116373 70.0931 22.5575 31.1311 0 30.7211 0 70.0931 26.7292 31.0354 70.0931 22.5575 31.1311 0 0 0 0.114686 0.118060
0.119748 78.7186 30.329 32.2566 0 39.3686 0 78.7186 30.329 32.2566 78.7186 30.329 32.2566 0 0 0 0.118060 0.121435
0.123123 77.1865 43.3998 25.4971 0 32.7681 0 77.1865 43.7845 25.382 77.1865 43.3998 25.4971 0 0 0 0.121435 0.124811
0.126498 82.6064 66.6965 22.1097 0 30.8641 0 82.6064 69.4341 21.3178 82.6064 66.6965 22.1097 0 0 0 0.124811 0.128185
0.129873 66.0462 59.9737 17.8488 0 23.2336 0 66.0462 63.1593 17.8488 66.0462 59.9737 17.8488 0 0 0 0.128185 0.131561
0.133248 77.1651 90.7553 14.7212 0 38.5084 0 77.1651 92.6482 14.4306 77.1651 90.7553 14.7212 0 0 0 0.131561 0.134935
0.137045 100.14 81.1269 23.5 0 36.8158 0 100.14 82.1066 23.3139 100.14 81.1269 23.5 0 0 0 0.134935 0.139154
0.141685 135.021 71.8838 37.274 0 80.9377 0 135.021 72.4333 35.0423 135.021 71.8838 37.274 0 0 0 0.139154 0.144217
0.146748 227.693 65.675 83.6463 0 110.73 0 227.693 65.8936 83.6463 227.693 65.675 83.6463 0 0 0 0.144217 0.149279
0.151810 258.88 73.5622 82.9021 0 106.042 0 258.88 77.6273 79.8679 258.88 73.5622 82.9021 0 0 0 0.149279 0.154342
0.156873 234.278 74.6872 62.7122 0 180.122 0 234.278 80.4153 62.5416 234.278 74.6872 62.7122 0 0 0 0.154342 0.159404
0.161935 292.946 115.053 83.9224 0 443.082 0 292.946 112.809 85.4108 292.946 115.053 83.9224 0 0 0 0.159404 0.164467
0.166998 285.589 119.017 77.7384 0 482.258 0 285.589 113.45 77.7384 285.589 119.017 77.7384 0 0 0 0.164467 0.169529
0.172060 279.951 106.247 82.1819 0 424.435 0 279.951 106.108 84.3644 279.951 106.247 82.1819 0 0 0 0.169529 0.174591
0.177123 251.042 132.945 72.2692 0 440.434 0 251.042 133.571 72.2692 251.042 132.945 72.2692 0 0 0 0.174591 0.179654
0.182185 248.079 122.988 75.0956 0 481.998 0 248.079 119.776 75.0956 248.079 122.988 75.0956 0 0 0 0.179654 0.184716
0.187248 211.938 130.387 73.7626 0 276.021 0 211.938 130.387 73.7626 211.938 130.387 73.7626 0 0 0 0.184716 0.189779
0.192310 171.212 175.067 61.6762 0 130.033 0 171.212 175.587 61.6762 171.212 175.067 61.6762 0 0 0 0.189779 0.194842
0.197373 177.084 170.189 64.7842 0 203.726 0 177.084 199.113 64.7842 177.084 170.189 64.7842 0 0 0 0.194842 0.199904
0.202435 153.121 156.581 55.5405 0 154.498 0 153.121 155.288 55.5405 153.121 156.581 55.5405 0 0 0 0.199904 0.204967
0.207498 115.407 122.116 39.6364 0 201.07 0 115.407 121.896 39.6364 115.407 122.116 39.6364 0 0 0 0.204967 0.210029
0.212560 79.7876 116.298 26.3438 0 153.511 0 79.7876 116.298 26.3438 79.7876 116.298 26.3438 0 0 0 0.210029 0.215091
0.217623 77.7539 103.763 30.1054 0 150.753 0 77.7539 103.186 30.1054 77.7539 103.763 30.1054 0 0 0 0.215091 0.220154
0.222685 66.0293 119.293 23.963 0 225.612 0 66.0293 110.992 23.963 66.0293 119.293 23.963 0 0 0 0.220154 0.225217
0.227748 62.0065 87.4308 18.6782 0 234.208 0 62.0065 88.6874 18.6782 62.0065 87.4308 18.6782 0 0 0 0.225217 0.230279
0.232810 54.1938 80.427 17.6312 0 309.727 0 54.1938 64.9482 19.5711 54.1938 80.427 17.6312 0 0 0 0.230279 0.235342
0.237873 44.1907 70.7531 20.6833 0 292.439 0 44.1907 58.2134 20.8661 44.1907 70.7531 20.6833 0 0 0 0.235342 0.240404
0.242935 46.2785 111.826 23.6597 0 329.574 0 46.2785 104.185 23.6597 46.2785 111.826 23.6597 0 0 0 0.240404 0.245467
0.247998 41.6341 108.379 21.9249 0 343.218 0 41.6341 111.865 22.1817 41.6341 108.379 21.9249 0 0 0 0.245467 0.250529
0.253060 33.1814 75.2224 18.8451 0 321.301 0 33.1814 68.5448 18.8451 33.1814 75.2224 18.8451 0 0 0 0.250529 0.255592
0.258123 32.0166 86.2327 19.2607 0 282.466 0 32.0166 77.1478 19.2607 32.0166 86.2327 19.2607 0 0 0 0.255592 0.260654
0.263185 31.3711 81.5014 20.032 0 342.152 0 31.3711 66.1092 20.032 31.3711 81.5014 20.032 0 0 0 0.260654 0.265716
0.268248 18.3723 76.7818 11.6809 0 300.978 0 18.3723 62.8941 12.1587 18.3723 76.7818 11.6809 0 0 0 0.265716 0.270779
0.273310 16.6081 84.2533 11.6305 0 310.152 0 16.6081 72.3077 11.7571 16.6081 84.2533 11.6305 0 0 0 0.270779 0.275842
0.278373 16.0457 86.4018 12.5189 0 290.735 0 16.0457 67.8319 12.5189 16.0457 86.4018 12.5189 0 0 0 0.275842 0.280904
0.283435 6.58287 71.3163 4.35167 0 111.147 0 6.58287 54.5879 4.35167 6.58287 71.3163 4.35167 0 0 0 0.280904 0.285967
0.288498 0.753047 47.6565 0.118326 0 3.20661 0 0.753047 36.2125 0.118326 0.753047 47.6565 0.118326 0 0 0 0.285967 0.291029
0.293560 0.441467 11.6988 0.110843 0 4.42045 0 0.441467 7.33681 0.110843 0.441467 11.6988 0.110843 0 0 0 0.291029 0.296091
0.298623 0.366248 5.94403 0.1035 0 3.71003 0 0.366248 0.705018 0.1035 0.366248 5.94403 0.1035 0 0 0 0.296091 0.301154
0.303685 0.293007 0.729257 0.102362 0 12.1766 0 0.293007 0.216842 0.102399 0.293007 0.729257 0.102362 0 0 0 0.301154 0.306217
0.308748 0 0 0 0 0 0 0 0 0 0 0 0 0 0 0 0.306217 0.311279
0.313810 0 0 0 0 0 0 0 0 0 0 0 0 0 0 0 0.311279 0.316341
0.318873 0 0 0 0 0 0 0 0 0 0 0 0 0 0 0 0.316341 0.321404
0.323935 0 0 0 0 0 0 0 0 0 0 0 0 0 0 0 0.321404 0.326466
0.328997 0 0 0 0 0 0 0 0 0 0 0 0 0 0 0 0.326466 0.331528
0.334060 0 0 0 0 0 0 0 0 0 0 0 0 0 0 0 0.331528 0.336591
0.339122 0 0 0 0 0 0 0 0 0 0 0 0 0 0 0 0.336591 0.341653
0.344185 0 0 0 0 0 0 0 0 0 0 0 0 0 0 0 0.341653 0.346716
0.349247 0 0 0 0 0 0 0 0 0 0 0 0 0 0 0 0.346716 0.351779
0.354310 0 0 0 0 0 0 0 0 0 0 0 0 0 0 0 0.351779 0.356841
0.359372 0 0 0 0 0 0 0 0 0 0 0 0 0 0 0 0.356841 0.361903
0.364435 0 0 0 0 0 0 0 0 0 0 0 0 0 0 0 0.361903 0.366966
0.369497 0 0 0 0 0 0 0 0 0 0 0 0 0 0 0 0.366966 0.372028
0.374560 0 0 0 0 0 0 0 0 0 0 0 0 0 0 0 0.372028 0.377091
0.379622 0 0 0 0 0 0 0 0 0 0 0 0 0 0 0 0.377091 0.382154
0.384685 0 0 0 0 0 0 0 0 0 0 0 0 0 0 0 0.382154 0.387216
0.389747 0 0 0 0 0 0 0 0 0 0 0 0 0 0 0 0.387216 0.392278
0.394810 0 0 0 0 0 0 0 0 0 0 0 0 0 0 0 0.392278 0.397341
0.399872 0 0 0 0 0 0 0 0 0 0 0 0 0 0 0 0.397341 0.402404
0.404935 0 0 0 0 0 0 0 0 0 0 0 0 0 0 0 0.402404 0.407466
0.409997 0 0 0 0 0 0 0 0 0 0 0 0 0 0 0 0.407466 0.412529
0.415060 0 0 0 0 0 0 0 0 0 0 0 0 0 0 0 0.412529 0.417591
0.420122 0 0 0 0 0 0 0 0 0 0 0 0 0 0 0 0.417591 0.422653
0.425185 0 0 0 0 0 0 0 0 0 0 0 0 0 0 0 0.422653 0.427716
0.430247 0 0 0 0 0 0 0 0 0 0 0 0 0 0 0 0.427716 0.432779
0.435310 0 0 0 0 0 0 0 0 0 0 0 0 0 0 0 0.432779 0.437841
0.440372 0 0 0 0 0 0 0 0 0 0 0 0 0 0 0 0.437841 0.442903
0.445435 0 0 0 0 0 0 0 0 0 0 0 0 0 0 0 0.442903 0.447966
0.450497 0 0 0 0 0 0 0 0 0 0 0 0 0 0 0 0.447966 0.453029
0.455560 0 0 0 0 0 0 0 0 0 0 0 0 0 0 0 0.453029 0.458091
0.460622 0 0 0 0 0 0 0 0 0 0 0 0 0 0 0 0.458091 0.463154
0.465685 0 0 0 0 0 0 0 0 0 0 0 0 0 0 0 0.463154 0.468216
0.470747 0 0 0 0 0 0 0 0 0 0 0 0 0 0 0 0.468216 0.473278
0.475810 0 0 0 0 0 0 0 0 0 0 0 0 0 0 0 0.473278 0.478341
0.480872 0 0 0 0 0 0 0 0 0 0 0 0 0 0 0 0.478341 0.483404
0.485935 0 0 0 0 0 0 0 0 0 0 0 0 0 0 0 0.483404 0.488466
0.490997 0 0 0 0 0 0 0 0 0 0 0 0 0 0 0 0.488466 0.493528
0.496060 0 0 0 0 0 0 0 0 0 0 0 0 0 0 0 0.493528 0.498591
0.501122 0 0 0 0 0 0 0 0 0 0 0 0 0 0 0 0.498591 0.503654
0.506185 0 0 0 0 0 0 0 0 0 0 0 0 0 0 0 0.503654 0.508716
0.511247 0 0 0 0 0 0 0 0 0 0 0 0 0 0 0 0.508716 0.513778
0.516310 0 0 0 0 0 0 0 0 0 0 0 0 0 0 0 0.513778 0.518841
0.521372 0 0 0 0 0 0 0 0 0 0 0 0 0 0 0 0.518841 0.523903
0.526435 0 0 0 0 0 0 0 0 0 0 0 0 0 0 0 0.523903 0.528966
0.531497 0 0 0 0 0 0 0 0 0 0 0 0 0 0 0 0.528966 0.534029
0.536560 0 0 0 0 0 0 0 0 0 0 0 0 0 0 0 0.534029 0.539091
0.541622 0 0 0 0 0 0 0 0 0 0 0 0 0 0 0 0.539091 0.544153
0.546685 0 0 0 0 0 0 0 0 0 0 0 0 0 0 0 0.544153 0.549216
0.551747 0 0 0 0 0 0 0 0 0 0 0 0 0 0 0 0.549216 0.554278
0.556810 0 0 0 0 0 0 0 0 0 0 0 0 0 0 0 0.554278 0.559341
0.561872 0 0 0 0 0 0 0 0 0 0 0 0 0 0 0 0.559341 0.564404
0.566935 0 0 0 0 0 0 0 0 0 0 0 0 0 0 0 0.564404 0.569466
0.571997 0 0 0 0 0 0 0 0 0 0 0 0 0 0 0 0.569466 0.574528
0.577060 0 0 0 0 0 0 0 0 0 0 0 0 0 0 0 0.574528 0.579592
0.582123 0 0 0 0 0 0 0 0 0 0 0 0 0 0 0 0.579592 0.584654
0.587185 0 0 0 0 0 0 0 0 0 0 0 0 0 0 0 0.584654 0.589717
0.592248 0 0 0 0 0 0 0 0 0 0 0 0 0 0 0 0.589717 0.594779
0.597310 0 0 0 0 0 0 0 0 0 0 0 0 0 0 0 0.594779 0.599841
0.602373 0 0 0 0 0 0 0 0 0 0 0 0 0 0 0 0.599841 0.604904
0.607435 0 0 0 0 0 0 0 0 0 0 0 0 0 0 0 0.604904 0.609967
0.612498 0 0 0 0 0 0 0 0 0 0 0 0 0 0 0 0.609967 0.615029
0.617560 0 0 0 0 0 0 0 0 0 0 0 0 0 0 0 0.615029 0.620092
0.622623 0 0 0 0 0 0 0 0 0 0 0 0 0 0 0 0.620092 0.625154
0.627685 0 0 0 0 0 0 0 0 0 0 0 0 0 0 0 0.625154 0.630216
0.632748 0 0 0 0 0 0 0 0 0 0 0 0 0 0 0 0.630216 0.635279
0.637810 0 0 0 0 0 0 0 0 0 0 0 0 0 0 0 0.635279 0.640342
0.642873 0 0 0 0 0 0 0 0 0 0 0 0 0 0 0 0.640342 0.645404
0.647935 0 0 0 0 0 0 0 0 0 0 0 0 0 0 0 0.645404 0.650466
0.652998 0 0 0 0 0 0 0 0 0 0 0 0 0 0 0 0.650466 0.655529
0.658060 0 0 0 0 0 0 0 0 0 0 0 0 0 0 0 0.655529 0.660591
0.663123 0 0 0 0 0 0 0 0 0 0 0 0 0 0 0 0.660591 0.665654
0.668185 0 0 0 0 0 0 0 0 0 0 0 0 0 0 0 0.665654 0.670717
0.673248 0 0 0 0 0 0 0 0 0 0 0 0 0 0 0 0.670717 0.675779
0.678310 0 0 0 0 0 0 0 0 0 0 0 0 0 0 0 0.675779 0.680841
0.684006 0 0 0 0 0 0 0 0 0 0 0 0 0 0 0 0.680841 0.687170
0.690967 0 0 0 0 0 0 0 0 0 0 0 0 0 0 0 0.687170 0.694764
0.698560 0 0 0 0 0 0 0 0 0 0 0 0 0 0 0 0.694764 0.702357
0.706154 0 0 0 0 0 0 0 0 0 0 0 0 0 0 0 0.702357 0.709951
0.713748 0 0 0 0 0 0 0 0 0 0 0 0 0 0 0 0.709951 0.717545
0.721342 0 0 0 0 0 0 0 0 0 0 0 0 0 0 0 0.717545 0.725139
0.728935 0 0 0 0 0 0 0 0 0 0 0 0 0 0 0 0.725139 0.732732
0.736529 0 0 0 0 0 0 0 0 0 0 0 0 0 0 0 0.732732 0.740326
0.744123 0 0 0 0 0 0 0 0 0 0 0 0 0 0 0 0.740326 0.747920
0.751717 0 0 0 0 0 0 0 0 0 0 0 0 0 0 0 0.747920 0.755513
0.759310 0 0 0 0 0 0 0 0 0 0 0 0 0 0 0 0.755513 0.763107
0.766904 0 0 0 0 0 0 0 0 0 0 0 0 0 0 0 0.763107 0.770701
0.774498 0 0 0 0 0 0 0 0 0 0 0 0 0 0 0 0.770701 0.778295
0.782092 0 0 0 0 0 0 0 0 0 0 0 0 0 0 0 0.778295 0.785888
0.789685 0 0 0 0 0 0 0 0 0 0 0 0 0 0 0 0.785888 0.793482
0.797279 0 0 0 0 0 0 0 0 0 0 0 0 0 0 0 0.793482 0.801076
0.804873 0 0 0 0 0 0 0 0 0 0 0 0 0 0 0 0.801076 0.808670
0.812467 0 0 0 0 0 0 0 0 0 0 0 0 0 0 0 0.808670 0.816263
0.820060 0 0 0 0 0 0 0 0 0 0 0 0 0 0 0 0.816263 0.823857
0.827654 0 0 0 0 0 0 0 0 0 0 0 0 0 0 0 0.823857 0.831451
0.835248 0 0 0 0 0 0 0 0 0 0 0 0 0 0 0 0.831451 0.839045
0.842842 0 0 0 0 0 0 0 0 0 0 0 0 0 0 0 0.839045 0.846639
0.850435 0 0 0 0 0 0 0 0 0 0 0 0 0 0 0 0.846639 0.854232
0.858029 0 0 0 0 0 0 0 0 0 0 0 0 0 0 0 0.854232 0.861826
0.865623 0 0 0 0 0 0 0 0 0 0 0 0 0 0 0 0.861826 0.869420
0.873217 0 0 0 0 0 0 0 0 0 0 0 0 0 0 0 0.869420 0.877014
0.880810 0 0 0 0 0 0 0 0 0 0 0 0 0 0 0 0.877014 0.884607
0.888404 0 0 0 0 0 0 0 0 0 0 0 0 0 0 0 0.884607 0.892201
0.895998 0 0 0 0 0 0 0 0 0 0 0 0 0 0 0 0.892201 0.899795
0.903592 0 0 0 0 0 0 0 0 0 0 0 0 0 0 0 0.899795 0.907389
0.911185 0 0 0 0 0 0 0 0 0 0 0 0 0 0 0 0.907389 0.914982
0.918779 0 0 0 0 0 0 0 0 0 0 0 0 0 0 0 0.914982 0.922576
0.926373 0 0 0 0 0 0 0 0 0 0 0 0 0 0 0 0.922576 0.930170
0.933967 0 0 0 0 0 0 0 0 0 0 0 0 0 0 0 0.930170 0.937763
0.941560 0 0 0 0 0 0 0 0 0 0 0 0 0 0 0 0.937763 0.945357
0.949154 0 0 0 0 0 0 0 0 0 0 0 0 0 0 0 0.945357 0.952951
0.956748 0 0 0 0 0 0 0 0 0 0 0 0 0 0 0 0.952951 0.960545
0.964342 0 0 0 0 0 0 0 0 0 0 0 0 0 0 0 0.960545 0.968138
0.971935 0 0 0 0 0 0 0 0 0 0 0 0 0 0 0 0.968138 0.975732
0.979529 0 0 0 0 0 0 0 0 0 0 0 0 0 0 0 0.975732 0.983326
0.987123 0 0 0 0 0 0 0 0 0 0 0 0 0 0 0 0.983326 0.990920
0.994717 0 0 0 0 0 0 0 0 0 0 0 0 0 0 0 0.990920 0.998514
1.000412 0 0 0 0 0 0 0 0 0 0 0 0 0 0 0 0.998514 1.002310
