#Peak halo mass range: 11.875 < log10(Mh/Msun) < 12.125
#Quenched threshold: True SFR / True SM < 1e-11 / yr
#True SFHs in units of Msun/yr.
#See documentation for explanation of true vs. observed SFRs and SMs.
#Bestfit halos in bin: 295
#Bestfit SF halos in bin: 256
#Bestfit Q halos in bin: 39
#Bestfit central halos in bin: 282
#Bestfit satellite halos in bin: 13
#Avg_scale_factor <SFH_all> Err+ Err- <SFH_SF> Err+ Err- <SFH_Q> Err+ Err- <SFH_Cen> Err+ Err- <SFH_Sat> Err+ Err- Scale_factor_begin Scale_factor_end
0.028936 0.0740145 0.0028796 0.0731868 0.0737068 -0.000905581 0.0727994 0.0760345 0.0154907 0.0760345 0.0665272 0.000630058 0.0657853 0.236432 0.0516193 0.234592 0.000000 0.057873
0.059561 0.720104 0.566571 0.701572 0.712033 0.632038 0.693906 0.773083 0.482845 0.760046 0.652431 0.611258 0.634435 2.1881 1.74005 2.15176 0.057873 0.061248
0.062373 1.49111 0.743433 1.42411 1.4358 0.928496 1.36709 1.85421 0.0107036 1.80778 1.34506 0.905556 1.28166 4.65945 -1.38979 4.5746 0.061248 0.063498
0.064623 2.10887 0.669553 1.96026 2.15821 0.582885 2.00493 1.78493 0.990614 1.6873 2.04309 0.592068 1.9009 3.53563 1.97243 3.34515 0.063498 0.065748
0.066873 2.54917 1.43668 2.32729 2.64295 1.09133 2.42311 1.9336 2.52186 1.75933 2.6214 1.44053 2.39746 0.982291 0.615147 0.912354 0.065748 0.067998
0.069123 2.99279 2.32088 2.66201 2.9113 2.19599 2.5987 3.5277 2.06169 3.20232 3.04618 2.28394 2.71109 1.83469 1.89399 1.63502 0.067998 0.070248
0.071373 3.99167 2.22077 3.3827 3.67188 2.22598 3.0871 6.09087 2.22871 5.41617 3.9571 2.30438 3.33865 4.74174 3.82618 4.26476 0.070248 0.072498
0.073623 5.03091 3.55089 4.04427 4.87004 3.44964 3.89163 6.08689 3.01577 5.1334 5.08227 3.43837 4.08272 3.9169 3.0702 3.3481 0.072498 0.074748
0.075873 8.06857 4.99893 6.39338 8.19758 5.37678 6.49411 7.22169 2.56498 5.88874 8.16802 4.73323 6.47247 5.9111 4.48692 4.83145 0.074748 0.076998
0.078123 8.32634 4.05696 6.19076 8.65492 3.68169 6.49528 6.16947 2.32999 4.67237 8.53601 3.9911 6.36186 3.77803 2.55932 2.72045 0.076998 0.079248
0.080373 9.60707 5.16835 6.48504 9.68108 4.97093 6.63136 9.12129 5.98858 6.46621 9.85736 5.16905 6.66425 4.17777 2.25498 2.86804 0.079248 0.081498
0.082904 9.6817 6.04203 6.10461 9.84759 5.72678 6.39135 8.59282 5.12643 5.87926 10.0108 6.20885 6.32896 2.54298 1.51188 1.77569 0.081498 0.084311
0.085998 17.3234 9.45112 11.1364 16.3612 9.47265 10.2087 23.6394 8.97813 16.9967 17.7752 9.72117 11.4486 7.52368 4.43384 4.10087 0.084311 0.087685
0.089373 21.816 10.1823 12.7827 23.2001 10.2335 14.2437 12.7301 13.9525 5.10412 22.5694 10.5416 13.354 5.47122 2.80904 3.10286 0.087685 0.091061
0.092748 30.2904 8.50558 17.6821 31.53 7.30666 18.4432 22.1539 14.8635 12.8551 31.0671 8.62828 18.17 13.4418 6.81044 6.7225 0.091061 0.094435
0.096123 34.0846 13.9257 17.2263 34.5801 12.9153 17.4474 30.8318 21.2194 17.4953 34.9128 14.273 17.5813 16.1186 7.49693 7.46486 0.094435 0.097811
0.099498 40.6137 14.2955 20.0787 40.9267 14.7973 19.6205 38.5587 21.3432 20.8781 40.9168 14.4866 20.247 34.0386 14.4109 16.427 0.097811 0.101186
0.102873 47.9283 16.9714 22.9971 46.1124 19.3574 20.7301 59.8478 16.1978 38.5604 48.1579 17.3481 23.2466 42.9474 16.7373 19.7688 0.101186 0.104560
0.106248 57.1065 21.7056 26.8223 56.0644 22.2848 25.0687 63.9473 11.2489 38.2126 58.5197 22.5972 27.5481 26.4515 8.30408 11.7793 0.104560 0.107936
0.109623 71.5601 21.6976 33.8262 72.6146 26.7017 32.4563 64.6384 21.6423 37.7663 73.3457 22.2166 34.8372 32.8271 13.5746 12.9628 0.107936 0.111310
0.112998 87.8619 23.9045 40.8249 89.1775 27.1284 39.4817 79.226 31.6693 42.1315 89.1543 24.2714 41.8941 59.8259 22.3445 24.9159 0.111310 0.114686
0.116373 100.041 30.1473 42.4774 101.871 32.3525 44.1317 88.0336 54.0898 41.3949 99.7285 30.8632 42.0119 106.827 34.9538 52.5749 0.114686 0.118060
0.119748 113.097 32.828 48.9581 116.993 32.1985 52.2011 87.5214 62.6757 36.7589 111.951 31.1413 48.2386 137.953 54.4386 61.5422 0.118060 0.121435
0.123123 137.262 32.1978 56.6459 142.23 32.3164 61.004 104.652 80.3143 47.5447 136.268 30.8997 56.6312 158.824 65.4116 64.6524 0.121435 0.124811
0.126498 163.882 37.4449 66.9612 175.821 42.8214 73.3817 85.5084 67.3148 30.9002 162.27 36.4567 66.5603 198.852 79.8012 74.2596 0.124811 0.128185
0.129873 181.496 49.2037 74.1146 198.85 51.6178 81.8756 67.5815 77.9631 21.5361 180.691 47.5819 74.7744 198.955 64.985 79.9737 0.128185 0.131561
0.133248 209.087 53.2654 84.2106 232.03 60.2914 91.877 58.4876 40.2125 23.6157 208.421 54.8658 83.3562 223.533 56.7131 97.0165 0.131561 0.134935
0.137045 232.572 60.9895 93.8298 264.784 67.5827 103.828 21.1324 28.2528 7.1824 234.118 61.2835 94.3989 199.041 54.6142 84.2251 0.134935 0.139154
0.141685 279.51 65.7296 110.157 322.085 92.1924 126.132 0.0415268 0.0189603 0.0208409 284.099 66.8455 111.378 179.978 41.3796 72.1577 0.139154 0.144217
0.146748 0 0 0 0 0 0 0 0 0 0 0 0 0 0 0 0.144217 0.149279
0.151810 0 0 0 0 0 0 0 0 0 0 0 0 0 0 0 0.149279 0.154342
0.156873 0 0 0 0 0 0 0 0 0 0 0 0 0 0 0 0.154342 0.159404
0.161935 0 0 0 0 0 0 0 0 0 0 0 0 0 0 0 0.159404 0.164467
0.166998 0 0 0 0 0 0 0 0 0 0 0 0 0 0 0 0.164467 0.169529
0.172060 0 0 0 0 0 0 0 0 0 0 0 0 0 0 0 0.169529 0.174591
0.177123 0 0 0 0 0 0 0 0 0 0 0 0 0 0 0 0.174591 0.179654
0.182185 0 0 0 0 0 0 0 0 0 0 0 0 0 0 0 0.179654 0.184716
0.187248 0 0 0 0 0 0 0 0 0 0 0 0 0 0 0 0.184716 0.189779
0.192310 0 0 0 0 0 0 0 0 0 0 0 0 0 0 0 0.189779 0.194842
0.197373 0 0 0 0 0 0 0 0 0 0 0 0 0 0 0 0.194842 0.199904
0.202435 0 0 0 0 0 0 0 0 0 0 0 0 0 0 0 0.199904 0.204967
0.207498 0 0 0 0 0 0 0 0 0 0 0 0 0 0 0 0.204967 0.210029
0.212560 0 0 0 0 0 0 0 0 0 0 0 0 0 0 0 0.210029 0.215091
0.217623 0 0 0 0 0 0 0 0 0 0 0 0 0 0 0 0.215091 0.220154
0.222685 0 0 0 0 0 0 0 0 0 0 0 0 0 0 0 0.220154 0.225217
0.227748 0 0 0 0 0 0 0 0 0 0 0 0 0 0 0 0.225217 0.230279
0.232810 0 0 0 0 0 0 0 0 0 0 0 0 0 0 0 0.230279 0.235342
0.237873 0 0 0 0 0 0 0 0 0 0 0 0 0 0 0 0.235342 0.240404
0.242935 0 0 0 0 0 0 0 0 0 0 0 0 0 0 0 0.240404 0.245467
0.247998 0 0 0 0 0 0 0 0 0 0 0 0 0 0 0 0.245467 0.250529
0.253060 0 0 0 0 0 0 0 0 0 0 0 0 0 0 0 0.250529 0.255592
0.258123 0 0 0 0 0 0 0 0 0 0 0 0 0 0 0 0.255592 0.260654
0.263185 0 0 0 0 0 0 0 0 0 0 0 0 0 0 0 0.260654 0.265716
0.268248 0 0 0 0 0 0 0 0 0 0 0 0 0 0 0 0.265716 0.270779
0.273310 0 0 0 0 0 0 0 0 0 0 0 0 0 0 0 0.270779 0.275842
0.278373 0 0 0 0 0 0 0 0 0 0 0 0 0 0 0 0.275842 0.280904
0.283435 0 0 0 0 0 0 0 0 0 0 0 0 0 0 0 0.280904 0.285967
0.288498 0 0 0 0 0 0 0 0 0 0 0 0 0 0 0 0.285967 0.291029
0.293560 0 0 0 0 0 0 0 0 0 0 0 0 0 0 0 0.291029 0.296091
0.298623 0 0 0 0 0 0 0 0 0 0 0 0 0 0 0 0.296091 0.301154
0.303685 0 0 0 0 0 0 0 0 0 0 0 0 0 0 0 0.301154 0.306217
0.308748 0 0 0 0 0 0 0 0 0 0 0 0 0 0 0 0.306217 0.311279
0.313810 0 0 0 0 0 0 0 0 0 0 0 0 0 0 0 0.311279 0.316341
0.318873 0 0 0 0 0 0 0 0 0 0 0 0 0 0 0 0.316341 0.321404
0.323935 0 0 0 0 0 0 0 0 0 0 0 0 0 0 0 0.321404 0.326466
0.328997 0 0 0 0 0 0 0 0 0 0 0 0 0 0 0 0.326466 0.331528
0.334060 0 0 0 0 0 0 0 0 0 0 0 0 0 0 0 0.331528 0.336591
0.339122 0 0 0 0 0 0 0 0 0 0 0 0 0 0 0 0.336591 0.341653
0.344185 0 0 0 0 0 0 0 0 0 0 0 0 0 0 0 0.341653 0.346716
0.349247 0 0 0 0 0 0 0 0 0 0 0 0 0 0 0 0.346716 0.351779
0.354310 0 0 0 0 0 0 0 0 0 0 0 0 0 0 0 0.351779 0.356841
0.359372 0 0 0 0 0 0 0 0 0 0 0 0 0 0 0 0.356841 0.361903
0.364435 0 0 0 0 0 0 0 0 0 0 0 0 0 0 0 0.361903 0.366966
0.369497 0 0 0 0 0 0 0 0 0 0 0 0 0 0 0 0.366966 0.372028
0.374560 0 0 0 0 0 0 0 0 0 0 0 0 0 0 0 0.372028 0.377091
0.379622 0 0 0 0 0 0 0 0 0 0 0 0 0 0 0 0.377091 0.382154
0.384685 0 0 0 0 0 0 0 0 0 0 0 0 0 0 0 0.382154 0.387216
0.389747 0 0 0 0 0 0 0 0 0 0 0 0 0 0 0 0.387216 0.392278
0.394810 0 0 0 0 0 0 0 0 0 0 0 0 0 0 0 0.392278 0.397341
0.399872 0 0 0 0 0 0 0 0 0 0 0 0 0 0 0 0.397341 0.402404
0.404935 0 0 0 0 0 0 0 0 0 0 0 0 0 0 0 0.402404 0.407466
0.409997 0 0 0 0 0 0 0 0 0 0 0 0 0 0 0 0.407466 0.412529
0.415060 0 0 0 0 0 0 0 0 0 0 0 0 0 0 0 0.412529 0.417591
0.420122 0 0 0 0 0 0 0 0 0 0 0 0 0 0 0 0.417591 0.422653
0.425185 0 0 0 0 0 0 0 0 0 0 0 0 0 0 0 0.422653 0.427716
0.430247 0 0 0 0 0 0 0 0 0 0 0 0 0 0 0 0.427716 0.432779
0.435310 0 0 0 0 0 0 0 0 0 0 0 0 0 0 0 0.432779 0.437841
0.440372 0 0 0 0 0 0 0 0 0 0 0 0 0 0 0 0.437841 0.442903
0.445435 0 0 0 0 0 0 0 0 0 0 0 0 0 0 0 0.442903 0.447966
0.450497 0 0 0 0 0 0 0 0 0 0 0 0 0 0 0 0.447966 0.453029
0.455560 0 0 0 0 0 0 0 0 0 0 0 0 0 0 0 0.453029 0.458091
0.460622 0 0 0 0 0 0 0 0 0 0 0 0 0 0 0 0.458091 0.463154
0.465685 0 0 0 0 0 0 0 0 0 0 0 0 0 0 0 0.463154 0.468216
0.470747 0 0 0 0 0 0 0 0 0 0 0 0 0 0 0 0.468216 0.473278
0.475810 0 0 0 0 0 0 0 0 0 0 0 0 0 0 0 0.473278 0.478341
0.480872 0 0 0 0 0 0 0 0 0 0 0 0 0 0 0 0.478341 0.483404
0.485935 0 0 0 0 0 0 0 0 0 0 0 0 0 0 0 0.483404 0.488466
0.490997 0 0 0 0 0 0 0 0 0 0 0 0 0 0 0 0.488466 0.493528
0.496060 0 0 0 0 0 0 0 0 0 0 0 0 0 0 0 0.493528 0.498591
0.501122 0 0 0 0 0 0 0 0 0 0 0 0 0 0 0 0.498591 0.503654
0.506185 0 0 0 0 0 0 0 0 0 0 0 0 0 0 0 0.503654 0.508716
0.511247 0 0 0 0 0 0 0 0 0 0 0 0 0 0 0 0.508716 0.513778
0.516310 0 0 0 0 0 0 0 0 0 0 0 0 0 0 0 0.513778 0.518841
0.521372 0 0 0 0 0 0 0 0 0 0 0 0 0 0 0 0.518841 0.523903
0.526435 0 0 0 0 0 0 0 0 0 0 0 0 0 0 0 0.523903 0.528966
0.531497 0 0 0 0 0 0 0 0 0 0 0 0 0 0 0 0.528966 0.534029
0.536560 0 0 0 0 0 0 0 0 0 0 0 0 0 0 0 0.534029 0.539091
0.541622 0 0 0 0 0 0 0 0 0 0 0 0 0 0 0 0.539091 0.544153
0.546685 0 0 0 0 0 0 0 0 0 0 0 0 0 0 0 0.544153 0.549216
0.551747 0 0 0 0 0 0 0 0 0 0 0 0 0 0 0 0.549216 0.554278
0.556810 0 0 0 0 0 0 0 0 0 0 0 0 0 0 0 0.554278 0.559341
0.561872 0 0 0 0 0 0 0 0 0 0 0 0 0 0 0 0.559341 0.564404
0.566935 0 0 0 0 0 0 0 0 0 0 0 0 0 0 0 0.564404 0.569466
0.571997 0 0 0 0 0 0 0 0 0 0 0 0 0 0 0 0.569466 0.574528
0.577060 0 0 0 0 0 0 0 0 0 0 0 0 0 0 0 0.574528 0.579592
0.582123 0 0 0 0 0 0 0 0 0 0 0 0 0 0 0 0.579592 0.584654
0.587185 0 0 0 0 0 0 0 0 0 0 0 0 0 0 0 0.584654 0.589717
0.592248 0 0 0 0 0 0 0 0 0 0 0 0 0 0 0 0.589717 0.594779
0.597310 0 0 0 0 0 0 0 0 0 0 0 0 0 0 0 0.594779 0.599841
0.602373 0 0 0 0 0 0 0 0 0 0 0 0 0 0 0 0.599841 0.604904
0.607435 0 0 0 0 0 0 0 0 0 0 0 0 0 0 0 0.604904 0.609967
0.612498 0 0 0 0 0 0 0 0 0 0 0 0 0 0 0 0.609967 0.615029
0.617560 0 0 0 0 0 0 0 0 0 0 0 0 0 0 0 0.615029 0.620092
0.622623 0 0 0 0 0 0 0 0 0 0 0 0 0 0 0 0.620092 0.625154
0.627685 0 0 0 0 0 0 0 0 0 0 0 0 0 0 0 0.625154 0.630216
0.632748 0 0 0 0 0 0 0 0 0 0 0 0 0 0 0 0.630216 0.635279
0.637810 0 0 0 0 0 0 0 0 0 0 0 0 0 0 0 0.635279 0.640342
0.642873 0 0 0 0 0 0 0 0 0 0 0 0 0 0 0 0.640342 0.645404
0.647935 0 0 0 0 0 0 0 0 0 0 0 0 0 0 0 0.645404 0.650466
0.652998 0 0 0 0 0 0 0 0 0 0 0 0 0 0 0 0.650466 0.655529
0.658060 0 0 0 0 0 0 0 0 0 0 0 0 0 0 0 0.655529 0.660591
0.663123 0 0 0 0 0 0 0 0 0 0 0 0 0 0 0 0.660591 0.665654
0.668185 0 0 0 0 0 0 0 0 0 0 0 0 0 0 0 0.665654 0.670717
0.673248 0 0 0 0 0 0 0 0 0 0 0 0 0 0 0 0.670717 0.675779
0.678310 0 0 0 0 0 0 0 0 0 0 0 0 0 0 0 0.675779 0.680841
0.684006 0 0 0 0 0 0 0 0 0 0 0 0 0 0 0 0.680841 0.687170
0.690967 0 0 0 0 0 0 0 0 0 0 0 0 0 0 0 0.687170 0.694764
0.698560 0 0 0 0 0 0 0 0 0 0 0 0 0 0 0 0.694764 0.702357
0.706154 0 0 0 0 0 0 0 0 0 0 0 0 0 0 0 0.702357 0.709951
0.713748 0 0 0 0 0 0 0 0 0 0 0 0 0 0 0 0.709951 0.717545
0.721342 0 0 0 0 0 0 0 0 0 0 0 0 0 0 0 0.717545 0.725139
0.728935 0 0 0 0 0 0 0 0 0 0 0 0 0 0 0 0.725139 0.732732
0.736529 0 0 0 0 0 0 0 0 0 0 0 0 0 0 0 0.732732 0.740326
0.744123 0 0 0 0 0 0 0 0 0 0 0 0 0 0 0 0.740326 0.747920
0.751717 0 0 0 0 0 0 0 0 0 0 0 0 0 0 0 0.747920 0.755513
0.759310 0 0 0 0 0 0 0 0 0 0 0 0 0 0 0 0.755513 0.763107
0.766904 0 0 0 0 0 0 0 0 0 0 0 0 0 0 0 0.763107 0.770701
0.774498 0 0 0 0 0 0 0 0 0 0 0 0 0 0 0 0.770701 0.778295
0.782092 0 0 0 0 0 0 0 0 0 0 0 0 0 0 0 0.778295 0.785888
0.789685 0 0 0 0 0 0 0 0 0 0 0 0 0 0 0 0.785888 0.793482
0.797279 0 0 0 0 0 0 0 0 0 0 0 0 0 0 0 0.793482 0.801076
0.804873 0 0 0 0 0 0 0 0 0 0 0 0 0 0 0 0.801076 0.808670
0.812467 0 0 0 0 0 0 0 0 0 0 0 0 0 0 0 0.808670 0.816263
0.820060 0 0 0 0 0 0 0 0 0 0 0 0 0 0 0 0.816263 0.823857
0.827654 0 0 0 0 0 0 0 0 0 0 0 0 0 0 0 0.823857 0.831451
0.835248 0 0 0 0 0 0 0 0 0 0 0 0 0 0 0 0.831451 0.839045
0.842842 0 0 0 0 0 0 0 0 0 0 0 0 0 0 0 0.839045 0.846639
0.850435 0 0 0 0 0 0 0 0 0 0 0 0 0 0 0 0.846639 0.854232
0.858029 0 0 0 0 0 0 0 0 0 0 0 0 0 0 0 0.854232 0.861826
0.865623 0 0 0 0 0 0 0 0 0 0 0 0 0 0 0 0.861826 0.869420
0.873217 0 0 0 0 0 0 0 0 0 0 0 0 0 0 0 0.869420 0.877014
0.880810 0 0 0 0 0 0 0 0 0 0 0 0 0 0 0 0.877014 0.884607
0.888404 0 0 0 0 0 0 0 0 0 0 0 0 0 0 0 0.884607 0.892201
0.895998 0 0 0 0 0 0 0 0 0 0 0 0 0 0 0 0.892201 0.899795
0.903592 0 0 0 0 0 0 0 0 0 0 0 0 0 0 0 0.899795 0.907389
0.911185 0 0 0 0 0 0 0 0 0 0 0 0 0 0 0 0.907389 0.914982
0.918779 0 0 0 0 0 0 0 0 0 0 0 0 0 0 0 0.914982 0.922576
0.926373 0 0 0 0 0 0 0 0 0 0 0 0 0 0 0 0.922576 0.930170
0.933967 0 0 0 0 0 0 0 0 0 0 0 0 0 0 0 0.930170 0.937763
0.941560 0 0 0 0 0 0 0 0 0 0 0 0 0 0 0 0.937763 0.945357
0.949154 0 0 0 0 0 0 0 0 0 0 0 0 0 0 0 0.945357 0.952951
0.956748 0 0 0 0 0 0 0 0 0 0 0 0 0 0 0 0.952951 0.960545
0.964342 0 0 0 0 0 0 0 0 0 0 0 0 0 0 0 0.960545 0.968138
0.971935 0 0 0 0 0 0 0 0 0 0 0 0 0 0 0 0.968138 0.975732
0.979529 0 0 0 0 0 0 0 0 0 0 0 0 0 0 0 0.975732 0.983326
0.987123 0 0 0 0 0 0 0 0 0 0 0 0 0 0 0 0.983326 0.990920
0.994717 0 0 0 0 0 0 0 0 0 0 0 0 0 0 0 0.990920 0.998514
1.000412 0 0 0 0 0 0 0 0 0 0 0 0 0 0 0 0.998514 1.002310
