#Observed stellar mass range: 9.2 < log10(M*/Msun) < 9.4
#Quenched threshold: Obs. SFR / Obs. SM < 1e-11 / yr
#SFHs in units of observed Msun/yr.
#True SFHs rescaled by average systematic offset of -0.264533 dex to be consistent with average observed stellar mass in bin.
#See documentation for explanation of true vs. observed SFRs and SMs.
#Bestfit galaxies in bin: 9726
#Bestfit SF galaxies in bin: 9164
#Bestfit Q galaxies in bin: 562
#Bestfit central galaxies in bin: 8412
#Bestfit satellite galaxies in bin: 1314
#Avg_scale_factor <SFH_all> Err+ Err- <SFH_SF> Err+ Err- <SFH_Q> Err+ Err- <SFH_Cen> Err+ Err- <SFH_Sat> Err+ Err- Scale_factor_begin Scale_factor_end
0.028936 0.000828288 -0.00021368 0.00081952 0.000806512 -0.000285562 0.000799185 0.00118337 0.000461366 0.00118337 0.000915915 -0.000309365 0.000906147 0.000267317 0.000108049 0.000267317 0.000000 0.057873
0.059561 0.00558393 0.00993087 0.00533447 0.00513681 0.00798213 0.00495914 0.0128748 0.0389258 0.0121533 0.00498368 0.00995866 0.00480012 0.00942668 0.0125036 0.00906712 0.057873 0.061248
0.062373 0.0178149 0.023252 0.0166445 0.0164181 0.0188367 0.0153521 0.0405919 0.0869958 0.0378623 0.0149853 0.0192452 0.0139598 0.0359295 0.0413994 0.0340683 0.061248 0.063498
0.064623 0.0314125 0.0294515 0.028548 0.0283045 0.0267907 0.0257241 0.0820921 0.0711733 0.0745867 0.0276072 0.0283987 0.0251765 0.0557735 0.0442639 0.0514685 0.063498 0.065748
0.066873 0.0573761 0.0394997 0.050981 0.0503606 0.0384938 0.0443388 0.171771 0.0481734 0.158003 0.0531167 0.0404017 0.0467435 0.084644 0.0661826 0.0767339 0.065748 0.067998
0.069123 0.0825426 0.0574422 0.0701367 0.0706479 0.0560647 0.05933 0.276498 0.04198 0.255534 0.0769618 0.0500036 0.0647062 0.11827 0.0829689 0.10588 0.067998 0.070248
0.071373 0.106153 0.0775034 0.0854914 0.0970209 0.0685543 0.0768695 0.255054 0.143943 0.216639 0.100776 0.0709107 0.0794369 0.140575 0.122551 0.118047 0.070248 0.072498
0.073623 0.147666 0.118325 0.113494 0.12954 0.112125 0.0982891 0.443236 0.0510912 0.36632 0.140808 0.109886 0.107401 0.191572 0.174523 0.150955 0.072498 0.074748
0.075873 0.183887 0.118814 0.129975 0.165116 0.130088 0.116812 0.489981 0.143792 0.374631 0.166957 0.112149 0.115928 0.292274 0.14992 0.227504 0.074748 0.076998
0.078123 0.238732 0.135438 0.160972 0.210837 0.139454 0.139155 0.693591 0.118372 0.538219 0.220643 0.135944 0.147857 0.354535 0.184083 0.262656 0.076998 0.079248
0.080373 0.263098 0.153452 0.161791 0.23597 0.166367 0.147499 0.70546 0.188999 0.512984 0.252421 0.158248 0.152891 0.331455 0.197268 0.222615 0.079248 0.081498
0.082904 0.267135 0.151735 0.152744 0.24685 0.155669 0.139293 0.597905 0.220786 0.402252 0.2509 0.148962 0.142994 0.37107 0.199058 0.236365 0.081498 0.084311
0.085998 0.390685 0.20967 0.204985 0.35696 0.195397 0.193506 0.940607 0.242721 0.57675 0.362287 0.194803 0.184724 0.572487 0.215149 0.343531 0.084311 0.087685
0.089373 0.469183 0.228719 0.222432 0.433254 0.214425 0.215927 1.05504 0.364362 0.561997 0.442872 0.2183 0.209443 0.63762 0.331637 0.32679 0.087685 0.091061
0.092748 0.556101 0.277357 0.243496 0.520355 0.234728 0.249442 1.13899 0.491671 0.532905 0.526087 0.256883 0.225263 0.748244 0.350286 0.348998 0.091061 0.094435
0.096123 0.656345 0.316786 0.261733 0.616268 0.264289 0.260609 1.30984 0.480366 0.59219 0.62036 0.300186 0.241535 0.886714 0.388254 0.403427 0.094435 0.097811
0.099498 0.805579 0.328655 0.29972 0.755647 0.283186 0.30491 1.61977 0.423964 0.68437 0.761083 0.310443 0.27328 1.09044 0.405559 0.461355 0.097811 0.101186
0.102873 0.945664 0.383142 0.324247 0.890387 0.309927 0.331444 1.84701 0.50377 0.705759 0.902714 0.37508 0.305093 1.22062 0.467272 0.460275 0.101186 0.104560
0.106248 1.05905 0.393167 0.339375 1.00072 0.347283 0.338199 2.0101 0.594884 0.684723 1.01521 0.370813 0.312562 1.33971 0.521556 0.450577 0.104560 0.107936
0.109623 1.24449 0.383044 0.377527 1.18407 0.358132 0.390188 2.22969 0.800267 0.613403 1.18215 0.355445 0.343088 1.64354 0.51186 0.548137 0.107936 0.111310
0.112998 1.39783 0.43709 0.381288 1.33377 0.381939 0.40922 2.44236 0.968396 0.571743 1.34975 0.40549 0.380715 1.70563 0.649685 0.454964 0.111310 0.114686
0.116373 1.56942 0.480373 0.389051 1.49167 0.440008 0.415952 2.83713 0.974053 0.763493 1.49896 0.463733 0.385985 2.02048 0.662227 0.518949 0.114686 0.118060
0.119748 1.74059 0.530888 0.409362 1.67356 0.484318 0.434658 2.83354 1.12424 0.620685 1.66361 0.503456 0.399865 2.23338 0.737928 0.540398 0.118060 0.121435
0.123123 1.93903 0.597852 0.447491 1.87624 0.524685 0.469141 2.96297 1.2621 0.552855 1.86553 0.586801 0.433465 2.40958 0.873025 0.517068 0.121435 0.124811
0.126498 2.1576 0.693029 0.485402 2.08416 0.599319 0.509134 3.35506 1.28079 0.662185 2.07748 0.676687 0.468055 2.6705 1.03055 0.571994 0.124811 0.128185
0.129873 2.40501 0.778309 0.532117 2.32111 0.648961 0.536396 3.77298 1.39957 0.767613 2.31257 0.708721 0.507557 2.99675 0.966473 0.673527 0.128185 0.131561
0.133248 2.64296 0.801178 0.569917 2.54717 0.710654 0.584978 4.20495 1.35443 0.99709 2.54558 0.778932 0.533593 3.26635 0.974116 0.788846 0.131561 0.134935
0.137045 2.87876 0.953618 0.59994 2.77832 0.857305 0.638226 4.5167 1.61489 1.05762 2.80006 0.90273 0.575661 3.38262 1.11626 0.784163 0.134935 0.139154
0.141685 3.23404 1.05894 0.691648 3.1098 0.940856 0.71443 5.25999 1.8866 1.29562 3.18504 1.09273 0.647119 3.54771 1.07434 0.834719 0.139154 0.144217
0.146748 3.63302 1.18206 0.793203 3.51064 0.928617 0.808542 5.62856 2.22251 1.33342 3.65303 1.16084 0.799109 3.50488 1.14011 0.716035 0.144217 0.149279
0.151810 4.04881 1.2733 0.88294 3.96513 1.03934 0.89175 5.41336 2.54237 1.20787 4.13314 1.2697 0.900896 3.509 1.22345 0.703915 0.149279 0.154342
0.156873 4.54024 1.39209 1.02811 4.57279 1.37168 1.05087 4.00951 1.96415 0.786848 4.68868 1.41595 1.09118 3.58998 1.2559 0.727919 0.154342 0.159404
0.161935 5.09133 1.62891 1.23569 5.25187 1.76346 1.20435 2.47357 1.20679 0.404831 5.34023 1.63299 1.3302 3.49789 1.30635 0.706897 0.159404 0.164467
0.166998 5.73406 1.71683 1.44282 6.01153 2.06497 1.43057 1.20961 0.769361 0.23419 6.07835 1.73295 1.52641 3.53 1.27392 0.788068 0.164467 0.169529
0.172060 6.52683 1.92344 1.73219 6.92683 2.40662 1.7289 0.0044241 0.00183357 0.00107785 7.00236 2.01814 1.92205 3.48257 1.2947 0.874943 0.169529 0.174591
0.177123 0 0 0 0 0 0 0 0 0 0 0 0 0 0 0 0.174591 0.179654
0.182185 0 0 0 0 0 0 0 0 0 0 0 0 0 0 0 0.179654 0.184716
0.187248 0 0 0 0 0 0 0 0 0 0 0 0 0 0 0 0.184716 0.189779
0.192310 0 0 0 0 0 0 0 0 0 0 0 0 0 0 0 0.189779 0.194842
0.197373 0 0 0 0 0 0 0 0 0 0 0 0 0 0 0 0.194842 0.199904
0.202435 0 0 0 0 0 0 0 0 0 0 0 0 0 0 0 0.199904 0.204967
0.207498 0 0 0 0 0 0 0 0 0 0 0 0 0 0 0 0.204967 0.210029
0.212560 0 0 0 0 0 0 0 0 0 0 0 0 0 0 0 0.210029 0.215091
0.217623 0 0 0 0 0 0 0 0 0 0 0 0 0 0 0 0.215091 0.220154
0.222685 0 0 0 0 0 0 0 0 0 0 0 0 0 0 0 0.220154 0.225217
0.227748 0 0 0 0 0 0 0 0 0 0 0 0 0 0 0 0.225217 0.230279
0.232810 0 0 0 0 0 0 0 0 0 0 0 0 0 0 0 0.230279 0.235342
0.237873 0 0 0 0 0 0 0 0 0 0 0 0 0 0 0 0.235342 0.240404
0.242935 0 0 0 0 0 0 0 0 0 0 0 0 0 0 0 0.240404 0.245467
0.247998 0 0 0 0 0 0 0 0 0 0 0 0 0 0 0 0.245467 0.250529
0.253060 0 0 0 0 0 0 0 0 0 0 0 0 0 0 0 0.250529 0.255592
0.258123 0 0 0 0 0 0 0 0 0 0 0 0 0 0 0 0.255592 0.260654
0.263185 0 0 0 0 0 0 0 0 0 0 0 0 0 0 0 0.260654 0.265716
0.268248 0 0 0 0 0 0 0 0 0 0 0 0 0 0 0 0.265716 0.270779
0.273310 0 0 0 0 0 0 0 0 0 0 0 0 0 0 0 0.270779 0.275842
0.278373 0 0 0 0 0 0 0 0 0 0 0 0 0 0 0 0.275842 0.280904
0.283435 0 0 0 0 0 0 0 0 0 0 0 0 0 0 0 0.280904 0.285967
0.288498 0 0 0 0 0 0 0 0 0 0 0 0 0 0 0 0.285967 0.291029
0.293560 0 0 0 0 0 0 0 0 0 0 0 0 0 0 0 0.291029 0.296091
0.298623 0 0 0 0 0 0 0 0 0 0 0 0 0 0 0 0.296091 0.301154
0.303685 0 0 0 0 0 0 0 0 0 0 0 0 0 0 0 0.301154 0.306217
0.308748 0 0 0 0 0 0 0 0 0 0 0 0 0 0 0 0.306217 0.311279
0.313810 0 0 0 0 0 0 0 0 0 0 0 0 0 0 0 0.311279 0.316341
0.318873 0 0 0 0 0 0 0 0 0 0 0 0 0 0 0 0.316341 0.321404
0.323935 0 0 0 0 0 0 0 0 0 0 0 0 0 0 0 0.321404 0.326466
0.328997 0 0 0 0 0 0 0 0 0 0 0 0 0 0 0 0.326466 0.331528
0.334060 0 0 0 0 0 0 0 0 0 0 0 0 0 0 0 0.331528 0.336591
0.339122 0 0 0 0 0 0 0 0 0 0 0 0 0 0 0 0.336591 0.341653
0.344185 0 0 0 0 0 0 0 0 0 0 0 0 0 0 0 0.341653 0.346716
0.349247 0 0 0 0 0 0 0 0 0 0 0 0 0 0 0 0.346716 0.351779
0.354310 0 0 0 0 0 0 0 0 0 0 0 0 0 0 0 0.351779 0.356841
0.359372 0 0 0 0 0 0 0 0 0 0 0 0 0 0 0 0.356841 0.361903
0.364435 0 0 0 0 0 0 0 0 0 0 0 0 0 0 0 0.361903 0.366966
0.369497 0 0 0 0 0 0 0 0 0 0 0 0 0 0 0 0.366966 0.372028
0.374560 0 0 0 0 0 0 0 0 0 0 0 0 0 0 0 0.372028 0.377091
0.379622 0 0 0 0 0 0 0 0 0 0 0 0 0 0 0 0.377091 0.382154
0.384685 0 0 0 0 0 0 0 0 0 0 0 0 0 0 0 0.382154 0.387216
0.389747 0 0 0 0 0 0 0 0 0 0 0 0 0 0 0 0.387216 0.392278
0.394810 0 0 0 0 0 0 0 0 0 0 0 0 0 0 0 0.392278 0.397341
0.399872 0 0 0 0 0 0 0 0 0 0 0 0 0 0 0 0.397341 0.402404
0.404935 0 0 0 0 0 0 0 0 0 0 0 0 0 0 0 0.402404 0.407466
0.409997 0 0 0 0 0 0 0 0 0 0 0 0 0 0 0 0.407466 0.412529
0.415060 0 0 0 0 0 0 0 0 0 0 0 0 0 0 0 0.412529 0.417591
0.420122 0 0 0 0 0 0 0 0 0 0 0 0 0 0 0 0.417591 0.422653
0.425185 0 0 0 0 0 0 0 0 0 0 0 0 0 0 0 0.422653 0.427716
0.430247 0 0 0 0 0 0 0 0 0 0 0 0 0 0 0 0.427716 0.432779
0.435310 0 0 0 0 0 0 0 0 0 0 0 0 0 0 0 0.432779 0.437841
0.440372 0 0 0 0 0 0 0 0 0 0 0 0 0 0 0 0.437841 0.442903
0.445435 0 0 0 0 0 0 0 0 0 0 0 0 0 0 0 0.442903 0.447966
0.450497 0 0 0 0 0 0 0 0 0 0 0 0 0 0 0 0.447966 0.453029
0.455560 0 0 0 0 0 0 0 0 0 0 0 0 0 0 0 0.453029 0.458091
0.460622 0 0 0 0 0 0 0 0 0 0 0 0 0 0 0 0.458091 0.463154
0.465685 0 0 0 0 0 0 0 0 0 0 0 0 0 0 0 0.463154 0.468216
0.470747 0 0 0 0 0 0 0 0 0 0 0 0 0 0 0 0.468216 0.473278
0.475810 0 0 0 0 0 0 0 0 0 0 0 0 0 0 0 0.473278 0.478341
0.480872 0 0 0 0 0 0 0 0 0 0 0 0 0 0 0 0.478341 0.483404
0.485935 0 0 0 0 0 0 0 0 0 0 0 0 0 0 0 0.483404 0.488466
0.490997 0 0 0 0 0 0 0 0 0 0 0 0 0 0 0 0.488466 0.493528
0.496060 0 0 0 0 0 0 0 0 0 0 0 0 0 0 0 0.493528 0.498591
0.501122 0 0 0 0 0 0 0 0 0 0 0 0 0 0 0 0.498591 0.503654
0.506185 0 0 0 0 0 0 0 0 0 0 0 0 0 0 0 0.503654 0.508716
0.511247 0 0 0 0 0 0 0 0 0 0 0 0 0 0 0 0.508716 0.513778
0.516310 0 0 0 0 0 0 0 0 0 0 0 0 0 0 0 0.513778 0.518841
0.521372 0 0 0 0 0 0 0 0 0 0 0 0 0 0 0 0.518841 0.523903
0.526435 0 0 0 0 0 0 0 0 0 0 0 0 0 0 0 0.523903 0.528966
0.531497 0 0 0 0 0 0 0 0 0 0 0 0 0 0 0 0.528966 0.534029
0.536560 0 0 0 0 0 0 0 0 0 0 0 0 0 0 0 0.534029 0.539091
0.541622 0 0 0 0 0 0 0 0 0 0 0 0 0 0 0 0.539091 0.544153
0.546685 0 0 0 0 0 0 0 0 0 0 0 0 0 0 0 0.544153 0.549216
0.551747 0 0 0 0 0 0 0 0 0 0 0 0 0 0 0 0.549216 0.554278
0.556810 0 0 0 0 0 0 0 0 0 0 0 0 0 0 0 0.554278 0.559341
0.561872 0 0 0 0 0 0 0 0 0 0 0 0 0 0 0 0.559341 0.564404
0.566935 0 0 0 0 0 0 0 0 0 0 0 0 0 0 0 0.564404 0.569466
0.571997 0 0 0 0 0 0 0 0 0 0 0 0 0 0 0 0.569466 0.574528
0.577060 0 0 0 0 0 0 0 0 0 0 0 0 0 0 0 0.574528 0.579592
0.582123 0 0 0 0 0 0 0 0 0 0 0 0 0 0 0 0.579592 0.584654
0.587185 0 0 0 0 0 0 0 0 0 0 0 0 0 0 0 0.584654 0.589717
0.592248 0 0 0 0 0 0 0 0 0 0 0 0 0 0 0 0.589717 0.594779
0.597310 0 0 0 0 0 0 0 0 0 0 0 0 0 0 0 0.594779 0.599841
0.602373 0 0 0 0 0 0 0 0 0 0 0 0 0 0 0 0.599841 0.604904
0.607435 0 0 0 0 0 0 0 0 0 0 0 0 0 0 0 0.604904 0.609967
0.612498 0 0 0 0 0 0 0 0 0 0 0 0 0 0 0 0.609967 0.615029
0.617560 0 0 0 0 0 0 0 0 0 0 0 0 0 0 0 0.615029 0.620092
0.622623 0 0 0 0 0 0 0 0 0 0 0 0 0 0 0 0.620092 0.625154
0.627685 0 0 0 0 0 0 0 0 0 0 0 0 0 0 0 0.625154 0.630216
0.632748 0 0 0 0 0 0 0 0 0 0 0 0 0 0 0 0.630216 0.635279
0.637810 0 0 0 0 0 0 0 0 0 0 0 0 0 0 0 0.635279 0.640342
0.642873 0 0 0 0 0 0 0 0 0 0 0 0 0 0 0 0.640342 0.645404
0.647935 0 0 0 0 0 0 0 0 0 0 0 0 0 0 0 0.645404 0.650466
0.652998 0 0 0 0 0 0 0 0 0 0 0 0 0 0 0 0.650466 0.655529
0.658060 0 0 0 0 0 0 0 0 0 0 0 0 0 0 0 0.655529 0.660591
0.663123 0 0 0 0 0 0 0 0 0 0 0 0 0 0 0 0.660591 0.665654
0.668185 0 0 0 0 0 0 0 0 0 0 0 0 0 0 0 0.665654 0.670717
0.673248 0 0 0 0 0 0 0 0 0 0 0 0 0 0 0 0.670717 0.675779
0.678310 0 0 0 0 0 0 0 0 0 0 0 0 0 0 0 0.675779 0.680841
0.684006 0 0 0 0 0 0 0 0 0 0 0 0 0 0 0 0.680841 0.687170
0.690967 0 0 0 0 0 0 0 0 0 0 0 0 0 0 0 0.687170 0.694764
0.698560 0 0 0 0 0 0 0 0 0 0 0 0 0 0 0 0.694764 0.702357
0.706154 0 0 0 0 0 0 0 0 0 0 0 0 0 0 0 0.702357 0.709951
0.713748 0 0 0 0 0 0 0 0 0 0 0 0 0 0 0 0.709951 0.717545
0.721342 0 0 0 0 0 0 0 0 0 0 0 0 0 0 0 0.717545 0.725139
0.728935 0 0 0 0 0 0 0 0 0 0 0 0 0 0 0 0.725139 0.732732
0.736529 0 0 0 0 0 0 0 0 0 0 0 0 0 0 0 0.732732 0.740326
0.744123 0 0 0 0 0 0 0 0 0 0 0 0 0 0 0 0.740326 0.747920
0.751717 0 0 0 0 0 0 0 0 0 0 0 0 0 0 0 0.747920 0.755513
0.759310 0 0 0 0 0 0 0 0 0 0 0 0 0 0 0 0.755513 0.763107
0.766904 0 0 0 0 0 0 0 0 0 0 0 0 0 0 0 0.763107 0.770701
0.774498 0 0 0 0 0 0 0 0 0 0 0 0 0 0 0 0.770701 0.778295
0.782092 0 0 0 0 0 0 0 0 0 0 0 0 0 0 0 0.778295 0.785888
0.789685 0 0 0 0 0 0 0 0 0 0 0 0 0 0 0 0.785888 0.793482
0.797279 0 0 0 0 0 0 0 0 0 0 0 0 0 0 0 0.793482 0.801076
0.804873 0 0 0 0 0 0 0 0 0 0 0 0 0 0 0 0.801076 0.808670
0.812467 0 0 0 0 0 0 0 0 0 0 0 0 0 0 0 0.808670 0.816263
0.820060 0 0 0 0 0 0 0 0 0 0 0 0 0 0 0 0.816263 0.823857
0.827654 0 0 0 0 0 0 0 0 0 0 0 0 0 0 0 0.823857 0.831451
0.835248 0 0 0 0 0 0 0 0 0 0 0 0 0 0 0 0.831451 0.839045
0.842842 0 0 0 0 0 0 0 0 0 0 0 0 0 0 0 0.839045 0.846639
0.850435 0 0 0 0 0 0 0 0 0 0 0 0 0 0 0 0.846639 0.854232
0.858029 0 0 0 0 0 0 0 0 0 0 0 0 0 0 0 0.854232 0.861826
0.865623 0 0 0 0 0 0 0 0 0 0 0 0 0 0 0 0.861826 0.869420
0.873217 0 0 0 0 0 0 0 0 0 0 0 0 0 0 0 0.869420 0.877014
0.880810 0 0 0 0 0 0 0 0 0 0 0 0 0 0 0 0.877014 0.884607
0.888404 0 0 0 0 0 0 0 0 0 0 0 0 0 0 0 0.884607 0.892201
0.895998 0 0 0 0 0 0 0 0 0 0 0 0 0 0 0 0.892201 0.899795
0.903592 0 0 0 0 0 0 0 0 0 0 0 0 0 0 0 0.899795 0.907389
0.911185 0 0 0 0 0 0 0 0 0 0 0 0 0 0 0 0.907389 0.914982
0.918779 0 0 0 0 0 0 0 0 0 0 0 0 0 0 0 0.914982 0.922576
0.926373 0 0 0 0 0 0 0 0 0 0 0 0 0 0 0 0.922576 0.930170
0.933967 0 0 0 0 0 0 0 0 0 0 0 0 0 0 0 0.930170 0.937763
0.941560 0 0 0 0 0 0 0 0 0 0 0 0 0 0 0 0.937763 0.945357
0.949154 0 0 0 0 0 0 0 0 0 0 0 0 0 0 0 0.945357 0.952951
0.956748 0 0 0 0 0 0 0 0 0 0 0 0 0 0 0 0.952951 0.960545
0.964342 0 0 0 0 0 0 0 0 0 0 0 0 0 0 0 0.960545 0.968138
0.971935 0 0 0 0 0 0 0 0 0 0 0 0 0 0 0 0.968138 0.975732
0.979529 0 0 0 0 0 0 0 0 0 0 0 0 0 0 0 0.975732 0.983326
0.987123 0 0 0 0 0 0 0 0 0 0 0 0 0 0 0 0.983326 0.990920
0.994717 0 0 0 0 0 0 0 0 0 0 0 0 0 0 0 0.990920 0.998514
1.000412 0 0 0 0 0 0 0 0 0 0 0 0 0 0 0 0.998514 1.002310
