#Peak halo mass range: 9.625 < log10(Mh/Msun) < 9.875
#Quenched threshold: True SFR / True SM < 1e-11 / yr
#True SFHs in units of Msun/yr.
#See documentation for explanation of true vs. observed SFRs and SMs.
#Bestfit halos in bin: 4.3065e+06
#Bestfit SF halos in bin: 4.29779e+06
#Bestfit Q halos in bin: 8708
#Bestfit central halos in bin: 3.93041e+06
#Bestfit satellite halos in bin: 376092
#Avg_scale_factor <SFH_all> Err+ Err- <SFH_SF> Err+ Err- <SFH_Q> Err+ Err- <SFH_Cen> Err+ Err- <SFH_Sat> Err+ Err- Scale_factor_begin Scale_factor_end
0.028936 0 0 0 0 0 0 0 0 0 0 0 0 0 0 0 0.000000 0.057873
0.059561 4.13512e-08 1.04152e-07 4.10784e-08 4.1435e-08 1.04069e-07 4.14341e-08 0 1.08369e-09 0 0 0 0 4.73498e-07 1.19261e-06 4.70373e-07 0.057873 0.061248
0.062373 9.58304e-08 1.51634e-07 9.13182e-08 9.60246e-08 1.34209e-07 9.45198e-08 0 1.77455e-07 0 4.19601e-08 6.68204e-08 4.0267e-08 6.5881e-07 1.23908e-06 6.58809e-07 0.061248 0.063498
0.064623 1.59602e-07 2.79925e-07 1.48601e-07 1.59925e-07 2.79651e-07 1.49431e-07 0 1.66019e-07 0 5.01606e-08 6.00269e-08 4.74314e-08 1.30333e-06 2.96309e-06 1.30332e-06 0.063498 0.065748
0.066873 1.6395e-07 3.4894e-07 1.50418e-07 1.64282e-07 2.83331e-07 1.55363e-07 0 1.17117e-06 0 4.3694e-08 7.8972e-08 4.06134e-08 1.4207e-06 3.50484e-06 1.41029e-06 0.065748 0.067998
0.069123 3.97854e-07 5.15353e-07 3.65501e-07 3.39756e-07 5.13815e-07 3.18551e-07 2.90718e-05 -1.80521e-05 2.90718e-05 5.33248e-08 1.20497e-07 4.81917e-08 3.99841e-06 5.10266e-06 3.77152e-06 0.067998 0.070248
0.071373 7.80622e-07 9.96581e-07 6.94139e-07 7.44205e-07 7.74115e-07 6.97058e-07 1.87539e-05 -5.36344e-06 1.87539e-05 6.99456e-08 1.33552e-07 6.25425e-08 8.20765e-06 9.01501e-06 7.30078e-06 0.070248 0.072498
0.073623 1.65924e-06 1.30586e-06 1.46562e-06 1.57121e-06 8.82528e-07 1.44737e-06 4.51071e-05 0 4.51071e-05 1.62785e-07 2.5871e-07 1.42114e-07 1.72982e-05 1.35591e-05 1.55755e-05 0.072498 0.074748
0.075873 3.58511e-06 2.59281e-06 2.91333e-06 3.3606e-06 1.09398e-06 3.01031e-06 0.000114395 3.93471e-05 0.000112855 2.41494e-07 3.74853e-07 2.11639e-07 3.85282e-05 2.67874e-05 3.20739e-05 0.074748 0.076998
0.078123 4.58753e-06 3.05196e-06 3.73013e-06 4.21809e-06 1.76443e-06 3.65285e-06 0.000186926 2.03116e-07 0.000184346 4.16707e-07 5.62159e-07 3.4553e-07 4.81754e-05 2.87595e-05 4.0556e-05 0.076998 0.079248
0.080373 4.92023e-06 3.46228e-06 3.90391e-06 4.24266e-06 2.37016e-06 3.53037e-06 0.000339333 1.22102e-05 0.000335523 8.60761e-07 1.12168e-06 6.76664e-07 4.73444e-05 3.25218e-05 3.79329e-05 0.079248 0.081498
0.082904 6.80752e-06 4.77187e-06 5.1774e-06 6.05814e-06 3.73913e-06 4.83603e-06 0.000376657 9.61543e-05 0.000365624 1.30401e-06 1.55489e-06 1.01691e-06 6.43228e-05 3.97762e-05 4.89148e-05 0.081498 0.084311
0.085998 1.00849e-05 7.51349e-06 7.24095e-06 9.19656e-06 5.95929e-06 7.01443e-06 0.0004485 8.4566e-05 0.000428492 2.5052e-06 2.76503e-06 1.83635e-06 8.92974e-05 5.45987e-05 6.52024e-05 0.084311 0.087685
0.089373 1.61319e-05 1.15972e-05 1.04948e-05 1.47427e-05 9.06888e-06 1.07253e-05 0.000701786 7.57893e-05 0.000664942 4.95276e-06 5.00672e-06 3.23786e-06 0.000132962 8.05687e-05 8.70454e-05 0.087685 0.091061
0.092748 2.55058e-05 1.7341e-05 1.55416e-05 2.37782e-05 1.41965e-05 1.56436e-05 0.000878154 0.000108767 0.000815393 9.68018e-06 8.57944e-06 5.82755e-06 0.000190894 0.00011467 0.000117796 0.091061 0.094435
0.096123 3.59626e-05 2.54463e-05 2.01239e-05 3.41233e-05 1.889e-05 2.17165e-05 0.000943742 0.000241869 0.000857705 1.59438e-05 1.34399e-05 8.91017e-06 0.000245172 0.000136729 0.000137082 0.094435 0.097811
0.099498 5.20147e-05 3.57474e-05 2.71276e-05 4.99378e-05 2.753e-05 2.91439e-05 0.00107705 0.000521928 0.000936002 2.64005e-05 2.11745e-05 1.37444e-05 0.000319701 0.000194998 0.000167844 0.097811 0.101186
0.102873 7.63922e-05 5.07926e-05 3.64217e-05 7.40218e-05 4.06649e-05 3.90812e-05 0.0012463 0.000518878 0.0010499 4.24088e-05 3.02499e-05 2.03607e-05 0.000431542 0.000261164 0.000204674 0.101186 0.104560
0.106248 0.00010963 6.53895e-05 4.78902e-05 0.000106773 5.72702e-05 5.34683e-05 0.0015198 0.000878359 0.00123624 6.65662e-05 4.2251e-05 2.92451e-05 0.000559673 0.000331104 0.000242689 0.104560 0.107936
0.109623 0.000149385 8.13244e-05 6.02652e-05 0.000146335 6.84476e-05 6.76162e-05 0.00165475 0.00109177 0.00124707 9.61822e-05 5.41139e-05 3.92301e-05 0.000705388 0.000378685 0.000278264 0.107936 0.111310
0.112998 0.000192101 9.82124e-05 7.14824e-05 0.000188712 7.89413e-05 8.07771e-05 0.00186451 0.00128356 0.00135494 0.000127506 6.83447e-05 4.85489e-05 0.000867162 0.000413394 0.000324296 0.111310 0.114686
0.116373 0.000227893 0.000116629 8.09732e-05 0.000224432 8.65538e-05 9.17004e-05 0.00193591 0.00147692 0.00134698 0.000156077 8.05259e-05 5.57363e-05 0.000978414 0.000460121 0.000347862 0.114686 0.118060
0.119748 0.000263186 0.000126378 8.87476e-05 0.000259841 0.000105845 0.000102714 0.00191375 0.0016797 0.00128218 0.000185136 9.35049e-05 6.36842e-05 0.00107886 0.000483945 0.000362577 0.118060 0.121435
0.123123 0.000303728 0.000150201 9.74612e-05 0.000300425 0.000123053 0.000111447 0.00193427 0.00169661 0.00124331 0.000221277 0.000111431 7.19226e-05 0.0011654 0.000526047 0.000371074 0.121435 0.124811
0.126498 0.000355169 0.000174381 0.000109585 0.000351824 0.000152655 0.00012114 0.00200607 0.00172164 0.00123156 0.000263656 0.000130411 8.1429e-05 0.00131154 0.000620159 0.000395278 0.124811 0.128185
0.129873 0.000419459 0.000206013 0.000119347 0.000416227 0.000185168 0.000134194 0.00201492 0.0018458 0.00113042 0.000319109 0.000156499 8.93836e-05 0.00146819 0.000705664 0.000416668 0.128185 0.131561
0.133248 0.000500282 0.000251077 0.000134038 0.000497082 0.000233057 0.000143124 0.00207944 0.00193314 0.00105491 0.000391359 0.000198092 0.000105913 0.0016386 0.000780283 0.000438737 0.131561 0.134935
0.137045 0.000591053 0.000297585 0.000153012 0.000587885 0.000265989 0.000171429 0.00215492 0.00193159 0.00105561 0.000474585 0.000246327 0.000123229 0.00180822 0.000833748 0.000468648 0.134935 0.139154
0.141685 0.000754021 0.000360407 0.000185342 0.000750564 0.000333967 0.000208311 0.00246025 0.00200622 0.00115022 0.000628773 0.000302204 0.000153405 0.00206294 0.000947449 0.000515903 0.139154 0.144217
0.146748 0.000954306 0.000422022 0.000238358 0.00095083 0.000377809 0.000272828 0.00266978 0.00215522 0.00117557 0.00082413 0.000371095 0.000207686 0.00231473 0.000957289 0.000581165 0.144217 0.149279
0.151810 0.00118186 0.000522716 0.00032113 0.00117821 0.000479557 0.000323488 0.00298516 0.00226979 0.0012774 0.00104831 0.000470487 0.000289437 0.00257757 0.00109391 0.000662919 0.149279 0.154342
0.156873 0.00144664 0.000643487 0.000377737 0.00144317 0.000621603 0.000390361 0.00315645 0.00238134 0.0012087 0.00131516 0.000592184 0.000343916 0.00282064 0.00120442 0.000730969 0.154342 0.159404
0.161935 0.00173483 0.000792307 0.000428096 0.00173149 0.000744106 0.00043011 0.00338297 0.00310454 0.00114442 0.00161046 0.000742547 0.000402397 0.00303455 0.0013343 0.00077369 0.159404 0.164467
0.166998 0.00202187 0.000933165 0.000498098 0.00201862 0.000931513 0.000521642 0.00362788 0.00360768 0.00112383 0.00190777 0.000887312 0.000466071 0.00321433 0.00151257 0.000790295 0.164467 0.169529
0.172060 0.00220507 0.00107363 0.000542037 0.00220261 0.00103224 0.000555233 0.00342029 0.00394791 0.000895072 0.00210201 0.001035 0.000512262 0.00328205 0.00157262 0.000816224 0.169529 0.174591
0.177123 0.00228744 0.00116308 0.000532362 0.00228584 0.00114091 0.000552207 0.00307669 0.00425464 0.000625018 0.00219811 0.0011216 0.000512684 0.00322098 0.00156021 0.000771434 0.174591 0.179654
0.182185 0.00234553 0.00121614 0.000566587 0.00234431 0.00120351 0.000567155 0.00294912 0.0044931 0.000652187 0.002272 0.0012017 0.000547383 0.00311394 0.00151718 0.000745033 0.179654 0.184716
0.187248 0.00246035 0.00126747 0.000592597 0.00246161 0.00133424 0.000587021 0.0018396 0.0030383 0.000255131 0.00240228 0.00124219 0.000585942 0.00306718 0.00155056 0.000743849 0.184716 0.189779
0.192310 0.00260246 0.00133879 0.000628261 0.0026056 0.00143445 0.000614027 0.00105317 0.00182921 0.000110679 0.00256472 0.00131542 0.000618201 0.00299689 0.00151961 0.000747076 0.189779 0.194842
0.197373 0.00276804 0.001435 0.000697929 0.00277249 0.0014979 0.000646793 0.000573992 0.00109777 5.95832e-05 0.00274879 0.00143999 0.000684629 0.00296927 0.00146834 0.000745035 0.194842 0.199904
0.202435 0.00296316 0.00146585 0.000744653 0.00296856 0.00159619 0.000688923 0.000297462 0.000628193 4.28686e-05 0.00296069 0.00148321 0.000747752 0.00298892 0.00145695 0.000765056 0.199904 0.204967
0.207498 0.00317216 0.0015529 0.000785799 0.00317858 0.00172991 0.000761644 3.97351e-06 4.87975e-06 1.60516e-06 0.00318414 0.00155961 0.000801167 0.00304701 0.00150468 0.000776364 0.204967 0.210029
0.212560 0 0 0 0 0 0 0 0 0 0 0 0 0 0 0 0.210029 0.215091
0.217623 0 0 0 0 0 0 0 0 0 0 0 0 0 0 0 0.215091 0.220154
0.222685 0 0 0 0 0 0 0 0 0 0 0 0 0 0 0 0.220154 0.225217
0.227748 0 0 0 0 0 0 0 0 0 0 0 0 0 0 0 0.225217 0.230279
0.232810 0 0 0 0 0 0 0 0 0 0 0 0 0 0 0 0.230279 0.235342
0.237873 0 0 0 0 0 0 0 0 0 0 0 0 0 0 0 0.235342 0.240404
0.242935 0 0 0 0 0 0 0 0 0 0 0 0 0 0 0 0.240404 0.245467
0.247998 0 0 0 0 0 0 0 0 0 0 0 0 0 0 0 0.245467 0.250529
0.253060 0 0 0 0 0 0 0 0 0 0 0 0 0 0 0 0.250529 0.255592
0.258123 0 0 0 0 0 0 0 0 0 0 0 0 0 0 0 0.255592 0.260654
0.263185 0 0 0 0 0 0 0 0 0 0 0 0 0 0 0 0.260654 0.265716
0.268248 0 0 0 0 0 0 0 0 0 0 0 0 0 0 0 0.265716 0.270779
0.273310 0 0 0 0 0 0 0 0 0 0 0 0 0 0 0 0.270779 0.275842
0.278373 0 0 0 0 0 0 0 0 0 0 0 0 0 0 0 0.275842 0.280904
0.283435 0 0 0 0 0 0 0 0 0 0 0 0 0 0 0 0.280904 0.285967
0.288498 0 0 0 0 0 0 0 0 0 0 0 0 0 0 0 0.285967 0.291029
0.293560 0 0 0 0 0 0 0 0 0 0 0 0 0 0 0 0.291029 0.296091
0.298623 0 0 0 0 0 0 0 0 0 0 0 0 0 0 0 0.296091 0.301154
0.303685 0 0 0 0 0 0 0 0 0 0 0 0 0 0 0 0.301154 0.306217
0.308748 0 0 0 0 0 0 0 0 0 0 0 0 0 0 0 0.306217 0.311279
0.313810 0 0 0 0 0 0 0 0 0 0 0 0 0 0 0 0.311279 0.316341
0.318873 0 0 0 0 0 0 0 0 0 0 0 0 0 0 0 0.316341 0.321404
0.323935 0 0 0 0 0 0 0 0 0 0 0 0 0 0 0 0.321404 0.326466
0.328997 0 0 0 0 0 0 0 0 0 0 0 0 0 0 0 0.326466 0.331528
0.334060 0 0 0 0 0 0 0 0 0 0 0 0 0 0 0 0.331528 0.336591
0.339122 0 0 0 0 0 0 0 0 0 0 0 0 0 0 0 0.336591 0.341653
0.344185 0 0 0 0 0 0 0 0 0 0 0 0 0 0 0 0.341653 0.346716
0.349247 0 0 0 0 0 0 0 0 0 0 0 0 0 0 0 0.346716 0.351779
0.354310 0 0 0 0 0 0 0 0 0 0 0 0 0 0 0 0.351779 0.356841
0.359372 0 0 0 0 0 0 0 0 0 0 0 0 0 0 0 0.356841 0.361903
0.364435 0 0 0 0 0 0 0 0 0 0 0 0 0 0 0 0.361903 0.366966
0.369497 0 0 0 0 0 0 0 0 0 0 0 0 0 0 0 0.366966 0.372028
0.374560 0 0 0 0 0 0 0 0 0 0 0 0 0 0 0 0.372028 0.377091
0.379622 0 0 0 0 0 0 0 0 0 0 0 0 0 0 0 0.377091 0.382154
0.384685 0 0 0 0 0 0 0 0 0 0 0 0 0 0 0 0.382154 0.387216
0.389747 0 0 0 0 0 0 0 0 0 0 0 0 0 0 0 0.387216 0.392278
0.394810 0 0 0 0 0 0 0 0 0 0 0 0 0 0 0 0.392278 0.397341
0.399872 0 0 0 0 0 0 0 0 0 0 0 0 0 0 0 0.397341 0.402404
0.404935 0 0 0 0 0 0 0 0 0 0 0 0 0 0 0 0.402404 0.407466
0.409997 0 0 0 0 0 0 0 0 0 0 0 0 0 0 0 0.407466 0.412529
0.415060 0 0 0 0 0 0 0 0 0 0 0 0 0 0 0 0.412529 0.417591
0.420122 0 0 0 0 0 0 0 0 0 0 0 0 0 0 0 0.417591 0.422653
0.425185 0 0 0 0 0 0 0 0 0 0 0 0 0 0 0 0.422653 0.427716
0.430247 0 0 0 0 0 0 0 0 0 0 0 0 0 0 0 0.427716 0.432779
0.435310 0 0 0 0 0 0 0 0 0 0 0 0 0 0 0 0.432779 0.437841
0.440372 0 0 0 0 0 0 0 0 0 0 0 0 0 0 0 0.437841 0.442903
0.445435 0 0 0 0 0 0 0 0 0 0 0 0 0 0 0 0.442903 0.447966
0.450497 0 0 0 0 0 0 0 0 0 0 0 0 0 0 0 0.447966 0.453029
0.455560 0 0 0 0 0 0 0 0 0 0 0 0 0 0 0 0.453029 0.458091
0.460622 0 0 0 0 0 0 0 0 0 0 0 0 0 0 0 0.458091 0.463154
0.465685 0 0 0 0 0 0 0 0 0 0 0 0 0 0 0 0.463154 0.468216
0.470747 0 0 0 0 0 0 0 0 0 0 0 0 0 0 0 0.468216 0.473278
0.475810 0 0 0 0 0 0 0 0 0 0 0 0 0 0 0 0.473278 0.478341
0.480872 0 0 0 0 0 0 0 0 0 0 0 0 0 0 0 0.478341 0.483404
0.485935 0 0 0 0 0 0 0 0 0 0 0 0 0 0 0 0.483404 0.488466
0.490997 0 0 0 0 0 0 0 0 0 0 0 0 0 0 0 0.488466 0.493528
0.496060 0 0 0 0 0 0 0 0 0 0 0 0 0 0 0 0.493528 0.498591
0.501122 0 0 0 0 0 0 0 0 0 0 0 0 0 0 0 0.498591 0.503654
0.506185 0 0 0 0 0 0 0 0 0 0 0 0 0 0 0 0.503654 0.508716
0.511247 0 0 0 0 0 0 0 0 0 0 0 0 0 0 0 0.508716 0.513778
0.516310 0 0 0 0 0 0 0 0 0 0 0 0 0 0 0 0.513778 0.518841
0.521372 0 0 0 0 0 0 0 0 0 0 0 0 0 0 0 0.518841 0.523903
0.526435 0 0 0 0 0 0 0 0 0 0 0 0 0 0 0 0.523903 0.528966
0.531497 0 0 0 0 0 0 0 0 0 0 0 0 0 0 0 0.528966 0.534029
0.536560 0 0 0 0 0 0 0 0 0 0 0 0 0 0 0 0.534029 0.539091
0.541622 0 0 0 0 0 0 0 0 0 0 0 0 0 0 0 0.539091 0.544153
0.546685 0 0 0 0 0 0 0 0 0 0 0 0 0 0 0 0.544153 0.549216
0.551747 0 0 0 0 0 0 0 0 0 0 0 0 0 0 0 0.549216 0.554278
0.556810 0 0 0 0 0 0 0 0 0 0 0 0 0 0 0 0.554278 0.559341
0.561872 0 0 0 0 0 0 0 0 0 0 0 0 0 0 0 0.559341 0.564404
0.566935 0 0 0 0 0 0 0 0 0 0 0 0 0 0 0 0.564404 0.569466
0.571997 0 0 0 0 0 0 0 0 0 0 0 0 0 0 0 0.569466 0.574528
0.577060 0 0 0 0 0 0 0 0 0 0 0 0 0 0 0 0.574528 0.579592
0.582123 0 0 0 0 0 0 0 0 0 0 0 0 0 0 0 0.579592 0.584654
0.587185 0 0 0 0 0 0 0 0 0 0 0 0 0 0 0 0.584654 0.589717
0.592248 0 0 0 0 0 0 0 0 0 0 0 0 0 0 0 0.589717 0.594779
0.597310 0 0 0 0 0 0 0 0 0 0 0 0 0 0 0 0.594779 0.599841
0.602373 0 0 0 0 0 0 0 0 0 0 0 0 0 0 0 0.599841 0.604904
0.607435 0 0 0 0 0 0 0 0 0 0 0 0 0 0 0 0.604904 0.609967
0.612498 0 0 0 0 0 0 0 0 0 0 0 0 0 0 0 0.609967 0.615029
0.617560 0 0 0 0 0 0 0 0 0 0 0 0 0 0 0 0.615029 0.620092
0.622623 0 0 0 0 0 0 0 0 0 0 0 0 0 0 0 0.620092 0.625154
0.627685 0 0 0 0 0 0 0 0 0 0 0 0 0 0 0 0.625154 0.630216
0.632748 0 0 0 0 0 0 0 0 0 0 0 0 0 0 0 0.630216 0.635279
0.637810 0 0 0 0 0 0 0 0 0 0 0 0 0 0 0 0.635279 0.640342
0.642873 0 0 0 0 0 0 0 0 0 0 0 0 0 0 0 0.640342 0.645404
0.647935 0 0 0 0 0 0 0 0 0 0 0 0 0 0 0 0.645404 0.650466
0.652998 0 0 0 0 0 0 0 0 0 0 0 0 0 0 0 0.650466 0.655529
0.658060 0 0 0 0 0 0 0 0 0 0 0 0 0 0 0 0.655529 0.660591
0.663123 0 0 0 0 0 0 0 0 0 0 0 0 0 0 0 0.660591 0.665654
0.668185 0 0 0 0 0 0 0 0 0 0 0 0 0 0 0 0.665654 0.670717
0.673248 0 0 0 0 0 0 0 0 0 0 0 0 0 0 0 0.670717 0.675779
0.678310 0 0 0 0 0 0 0 0 0 0 0 0 0 0 0 0.675779 0.680841
0.684006 0 0 0 0 0 0 0 0 0 0 0 0 0 0 0 0.680841 0.687170
0.690967 0 0 0 0 0 0 0 0 0 0 0 0 0 0 0 0.687170 0.694764
0.698560 0 0 0 0 0 0 0 0 0 0 0 0 0 0 0 0.694764 0.702357
0.706154 0 0 0 0 0 0 0 0 0 0 0 0 0 0 0 0.702357 0.709951
0.713748 0 0 0 0 0 0 0 0 0 0 0 0 0 0 0 0.709951 0.717545
0.721342 0 0 0 0 0 0 0 0 0 0 0 0 0 0 0 0.717545 0.725139
0.728935 0 0 0 0 0 0 0 0 0 0 0 0 0 0 0 0.725139 0.732732
0.736529 0 0 0 0 0 0 0 0 0 0 0 0 0 0 0 0.732732 0.740326
0.744123 0 0 0 0 0 0 0 0 0 0 0 0 0 0 0 0.740326 0.747920
0.751717 0 0 0 0 0 0 0 0 0 0 0 0 0 0 0 0.747920 0.755513
0.759310 0 0 0 0 0 0 0 0 0 0 0 0 0 0 0 0.755513 0.763107
0.766904 0 0 0 0 0 0 0 0 0 0 0 0 0 0 0 0.763107 0.770701
0.774498 0 0 0 0 0 0 0 0 0 0 0 0 0 0 0 0.770701 0.778295
0.782092 0 0 0 0 0 0 0 0 0 0 0 0 0 0 0 0.778295 0.785888
0.789685 0 0 0 0 0 0 0 0 0 0 0 0 0 0 0 0.785888 0.793482
0.797279 0 0 0 0 0 0 0 0 0 0 0 0 0 0 0 0.793482 0.801076
0.804873 0 0 0 0 0 0 0 0 0 0 0 0 0 0 0 0.801076 0.808670
0.812467 0 0 0 0 0 0 0 0 0 0 0 0 0 0 0 0.808670 0.816263
0.820060 0 0 0 0 0 0 0 0 0 0 0 0 0 0 0 0.816263 0.823857
0.827654 0 0 0 0 0 0 0 0 0 0 0 0 0 0 0 0.823857 0.831451
0.835248 0 0 0 0 0 0 0 0 0 0 0 0 0 0 0 0.831451 0.839045
0.842842 0 0 0 0 0 0 0 0 0 0 0 0 0 0 0 0.839045 0.846639
0.850435 0 0 0 0 0 0 0 0 0 0 0 0 0 0 0 0.846639 0.854232
0.858029 0 0 0 0 0 0 0 0 0 0 0 0 0 0 0 0.854232 0.861826
0.865623 0 0 0 0 0 0 0 0 0 0 0 0 0 0 0 0.861826 0.869420
0.873217 0 0 0 0 0 0 0 0 0 0 0 0 0 0 0 0.869420 0.877014
0.880810 0 0 0 0 0 0 0 0 0 0 0 0 0 0 0 0.877014 0.884607
0.888404 0 0 0 0 0 0 0 0 0 0 0 0 0 0 0 0.884607 0.892201
0.895998 0 0 0 0 0 0 0 0 0 0 0 0 0 0 0 0.892201 0.899795
0.903592 0 0 0 0 0 0 0 0 0 0 0 0 0 0 0 0.899795 0.907389
0.911185 0 0 0 0 0 0 0 0 0 0 0 0 0 0 0 0.907389 0.914982
0.918779 0 0 0 0 0 0 0 0 0 0 0 0 0 0 0 0.914982 0.922576
0.926373 0 0 0 0 0 0 0 0 0 0 0 0 0 0 0 0.922576 0.930170
0.933967 0 0 0 0 0 0 0 0 0 0 0 0 0 0 0 0.930170 0.937763
0.941560 0 0 0 0 0 0 0 0 0 0 0 0 0 0 0 0.937763 0.945357
0.949154 0 0 0 0 0 0 0 0 0 0 0 0 0 0 0 0.945357 0.952951
0.956748 0 0 0 0 0 0 0 0 0 0 0 0 0 0 0 0.952951 0.960545
0.964342 0 0 0 0 0 0 0 0 0 0 0 0 0 0 0 0.960545 0.968138
0.971935 0 0 0 0 0 0 0 0 0 0 0 0 0 0 0 0.968138 0.975732
0.979529 0 0 0 0 0 0 0 0 0 0 0 0 0 0 0 0.975732 0.983326
0.987123 0 0 0 0 0 0 0 0 0 0 0 0 0 0 0 0.983326 0.990920
0.994717 0 0 0 0 0 0 0 0 0 0 0 0 0 0 0 0.990920 0.998514
1.000412 0 0 0 0 0 0 0 0 0 0 0 0 0 0 0 0.998514 1.002310
