#Observed stellar mass range: 9.8 < log10(M*/Msun) < 10
#Quenched threshold: Obs. SFR / Obs. SM < 1e-11 / yr
#SFHs in units of observed Msun/yr.
#True SFHs rescaled by average systematic offset of -0.162906 dex to be consistent with average observed stellar mass in bin.
#See documentation for explanation of true vs. observed SFRs and SMs.
#Bestfit galaxies in bin: 64954
#Bestfit SF galaxies in bin: 42126
#Bestfit Q galaxies in bin: 22828
#Bestfit central galaxies in bin: 41861
#Bestfit satellite galaxies in bin: 23093
#Avg_scale_factor <SFH_all> Err+ Err- <SFH_SF> Err+ Err- <SFH_Q> Err+ Err- <SFH_Cen> Err+ Err- <SFH_Sat> Err+ Err- Scale_factor_begin Scale_factor_end
0.028936 0 1.02187e-06 0 0 0 0 0 3.75242e-07 0 0 0 0 0 2.81602e-06 0 0.000000 0.057873
0.059561 1.17603e-05 0.000156859 1.13864e-05 4.50219e-07 9.13859e-06 4.42412e-07 3.26315e-05 0.000234589 3.20812e-05 1.51944e-06 3.90965e-06 1.51944e-06 3.0324e-05 0.000344559 2.93423e-05 0.057873 0.061248
0.062373 5.41796e-05 0.000215498 5.13083e-05 3.46743e-06 3.26047e-05 3.08966e-06 0.000147762 0.000486455 0.000144045 6.34387e-06 1.54193e-05 6.10032e-06 0.000140892 0.000614284 0.000135233 0.061248 0.063498
0.064623 0.00010165 0.000491115 8.79459e-05 2.46806e-05 8.11417e-05 2.11897e-05 0.000243688 0.00100161 0.00021483 5.86412e-05 7.15585e-05 5.42853e-05 0.000179614 0.0011929 0.000154645 0.063498 0.065748
0.066873 0.000305472 0.000521618 0.000260821 0.000137888 0.000227364 0.000120636 0.000614725 0.00114492 0.000542247 0.000135096 0.000163229 0.000120737 0.000614315 0.00131602 0.000524133 0.065748 0.067998
0.069123 0.0006427 0.000739329 0.000522674 0.000256884 0.000345306 0.000219111 0.00135467 0.00143412 0.00115187 0.000355853 0.000293015 0.000310439 0.00116267 0.00167211 0.000969182 0.067998 0.070248
0.071373 0.00127867 0.000952345 0.00102938 0.000617136 0.00069757 0.000507296 0.00249945 0.00156301 0.00197027 0.000816173 0.000553688 0.000669272 0.00211705 0.00154212 0.00168058 0.070248 0.072498
0.073623 0.00221627 0.00155086 0.00170827 0.0010217 0.00114143 0.000785984 0.00442068 0.00241158 0.00338021 0.00152705 0.000903564 0.00120685 0.00346562 0.00312388 0.00255503 0.072498 0.074748
0.075873 0.00368751 0.00191772 0.00280584 0.00197022 0.00138776 0.00148538 0.00685654 0.0031346 0.00525289 0.00252706 0.00131802 0.00194705 0.00579108 0.00306159 0.00436189 0.074748 0.076998
0.078123 0.0052116 0.00281971 0.00391927 0.00296004 0.00189532 0.00216884 0.00936656 0.00391963 0.00706378 0.00362108 0.00181715 0.002681 0.00809477 0.00405187 0.00613914 0.076998 0.079248
0.080373 0.00701175 0.00374534 0.00494273 0.0042589 0.002983 0.00289287 0.0120918 0.00498187 0.00867999 0.00514674 0.00293949 0.00368417 0.0103925 0.00458361 0.00734708 0.079248 0.081498
0.082904 0.00867563 0.00462497 0.00559092 0.00592161 0.00376659 0.00371503 0.0137578 0.00563747 0.00929181 0.00645878 0.00385915 0.00417977 0.0126941 0.00610619 0.00818864 0.081498 0.084311
0.085998 0.0133501 0.00633459 0.00808364 0.00903351 0.00537568 0.00531615 0.0213159 0.00872547 0.0133184 0.0101752 0.00528828 0.00602937 0.0191054 0.00911802 0.0114567 0.084311 0.087685
0.089373 0.0185396 0.00830623 0.0103433 0.011928 0.00714555 0.00632945 0.0307405 0.0109003 0.0183192 0.015026 0.00708207 0.00826538 0.0249088 0.00989602 0.0145455 0.087685 0.091061
0.092748 0.0219891 0.00993167 0.0113906 0.0146555 0.00782387 0.00751572 0.0355223 0.0149109 0.0191399 0.0176736 0.00883156 0.00909558 0.0298119 0.0115624 0.0158531 0.091061 0.094435
0.096123 0.0269661 0.0120557 0.0130276 0.0188742 0.00917557 0.00875604 0.0418985 0.0179217 0.0206811 0.0219344 0.00954901 0.0106169 0.036087 0.0148747 0.0174922 0.094435 0.097811
0.099498 0.0321445 0.0126471 0.0145263 0.0227566 0.00972592 0.00991122 0.0494686 0.0199445 0.022721 0.0263588 0.0111532 0.0117593 0.0426324 0.0163909 0.0190299 0.097811 0.101186
0.102873 0.0388818 0.0121536 0.0163466 0.0279633 0.0107636 0.0119666 0.0590304 0.0211864 0.025388 0.0311471 0.0123732 0.0129812 0.0529027 0.0152786 0.0224569 0.101186 0.104560
0.106248 0.0448038 0.0126515 0.0172481 0.0321838 0.0108041 0.012392 0.0680924 0.0217592 0.0274012 0.0359512 0.0132434 0.0133182 0.0608511 0.0157466 0.0238774 0.104560 0.107936
0.109623 0.0505441 0.0156063 0.0175815 0.0363437 0.011437 0.0125909 0.0767491 0.0211459 0.0291856 0.0409147 0.014805 0.0139378 0.0679996 0.0155095 0.0251033 0.107936 0.111310
0.112998 0.0564746 0.0153144 0.0185618 0.0407413 0.0121448 0.0129933 0.0855082 0.0211963 0.0305119 0.0462689 0.0144285 0.0146536 0.0749745 0.016942 0.0253752 0.111310 0.114686
0.116373 0.0623618 0.0179425 0.0185807 0.0449392 0.0144571 0.0132558 0.0945129 0.0241707 0.0326792 0.0520421 0.0143411 0.0163228 0.0810686 0.0188309 0.0247092 0.114686 0.118060
0.119748 0.0683979 0.0182221 0.0207754 0.0493187 0.0152467 0.0139062 0.103606 0.0272519 0.0354672 0.0566581 0.0175789 0.0176958 0.0896788 0.0203692 0.027741 0.118060 0.121435
0.123123 0.0747038 0.0184169 0.0228646 0.05404 0.0147513 0.0149491 0.112836 0.0276548 0.0373881 0.0618165 0.015927 0.0190539 0.098065 0.0227198 0.0294701 0.121435 0.124811
0.126498 0.0823493 0.0188636 0.0249623 0.0596735 0.0151271 0.0161291 0.124194 0.03279 0.0404733 0.0688455 0.0158485 0.0219889 0.106828 0.0249531 0.0323374 0.124811 0.128185
0.129873 0.0904712 0.019809 0.0261922 0.065886 0.0163342 0.0180272 0.13584 0.0359269 0.0442378 0.0762563 0.0152499 0.0237945 0.116239 0.0299957 0.033521 0.128185 0.131561
0.133248 0.0985491 0.0224182 0.027674 0.0704504 0.0158762 0.0188033 0.150402 0.0359115 0.0496739 0.082471 0.0153677 0.0241834 0.127694 0.0324427 0.0358781 0.131561 0.134935
0.137045 0.106808 0.0221948 0.0301765 0.0754937 0.0147522 0.0202173 0.164595 0.0382365 0.0553659 0.0900577 0.0158339 0.0264026 0.137172 0.0362474 0.0380292 0.134935 0.139154
0.141685 0.119249 0.0226021 0.0333534 0.084051 0.0163271 0.0210088 0.184202 0.0433927 0.060755 0.0996024 0.0171715 0.0274191 0.154863 0.0353354 0.0444085 0.139154 0.144217
0.146748 0.131945 0.0230034 0.0387518 0.0943371 0.017119 0.0239874 0.201346 0.0476708 0.066526 0.109924 0.0173169 0.0301024 0.171864 0.0324331 0.0503729 0.144217 0.149279
0.151810 0.142681 0.0239472 0.0412046 0.103479 0.0188288 0.0251019 0.215021 0.050126 0.0705855 0.119938 0.019113 0.0338382 0.183906 0.0399841 0.0526048 0.149279 0.154342
0.156873 0.151971 0.0292053 0.0407931 0.10973 0.0208537 0.0260751 0.22992 0.0545852 0.0754846 0.127969 0.0233333 0.0338505 0.195479 0.04401 0.054304 0.154342 0.159404
0.161935 0.164385 0.0315938 0.0435366 0.118454 0.0231132 0.0288509 0.249144 0.0570292 0.0811021 0.137994 0.0255734 0.0364027 0.212226 0.0481511 0.0587138 0.159404 0.164467
0.166998 0.17551 0.0348271 0.0446646 0.126591 0.0245275 0.0304831 0.265783 0.0612678 0.0846282 0.147091 0.0311158 0.0381866 0.227025 0.0525336 0.0604721 0.164467 0.169529
0.172060 0.188256 0.0373896 0.0490834 0.134812 0.0236744 0.0328823 0.28688 0.0544571 0.0933833 0.158208 0.0293969 0.0425815 0.242725 0.0578869 0.0651151 0.169529 0.174591
0.177123 0.203841 0.0390393 0.057874 0.142932 0.0245019 0.0344385 0.316242 0.0590461 0.107954 0.170388 0.0280662 0.0490776 0.264483 0.0566901 0.0786756 0.174591 0.179654
0.182185 0.216659 0.0397629 0.0635709 0.151201 0.0279605 0.0355548 0.337453 0.058876 0.118871 0.180171 0.0314496 0.0528877 0.282802 0.0560326 0.0895938 0.179654 0.184716
0.187248 0.22625 0.0441359 0.0670814 0.159457 0.0289927 0.0377758 0.349508 0.0569612 0.12449 0.187333 0.0309675 0.0539731 0.296796 0.0628124 0.0959872 0.184716 0.189779
0.192310 0.238749 0.0422417 0.0739436 0.16775 0.0324304 0.0431666 0.369768 0.0543519 0.129975 0.194792 0.036578 0.055149 0.318431 0.0642858 0.103178 0.189779 0.194842
0.197373 0.249853 0.0386077 0.0776532 0.175508 0.0326836 0.0438395 0.387046 0.05661 0.136042 0.203254 0.0376941 0.057093 0.334324 0.0612504 0.109247 0.194842 0.199904
0.202435 0.25872 0.0411107 0.0778478 0.184208 0.0350152 0.0439203 0.396222 0.0671131 0.13749 0.21321 0.0382274 0.0617658 0.341217 0.0610699 0.106178 0.199904 0.204967
0.207498 0.269212 0.0418752 0.0805759 0.192963 0.0365967 0.0473017 0.409919 0.0713851 0.143727 0.223948 0.0350853 0.0656021 0.351263 0.0692968 0.107308 0.204967 0.210029
0.212560 0.280434 0.0427417 0.0821808 0.201157 0.0343985 0.0508042 0.426729 0.0708649 0.147683 0.233953 0.0346373 0.0693851 0.364692 0.0721408 0.112853 0.210029 0.215091
0.217623 0.290678 0.0477631 0.0869276 0.209036 0.0365007 0.0536728 0.441337 0.0750314 0.153381 0.242469 0.0363726 0.0719952 0.378069 0.071635 0.120845 0.215091 0.220154
0.222685 0.301985 0.0490016 0.0912394 0.218231 0.0361754 0.0575874 0.456541 0.0806313 0.160342 0.252156 0.037437 0.0737129 0.39231 0.0714805 0.122797 0.220154 0.225217
0.227748 0.312227 0.0487453 0.0946172 0.227286 0.0358296 0.0607117 0.468976 0.0910339 0.165345 0.261685 0.0434086 0.0752935 0.403845 0.0754049 0.125025 0.225217 0.230279
0.232810 0.321785 0.0544523 0.0967905 0.234882 0.0361045 0.0607632 0.482152 0.0980325 0.166236 0.27128 0.0409042 0.080199 0.413335 0.0686122 0.126484 0.230279 0.235342
0.237873 0.33137 0.054111 0.10238 0.242707 0.0365928 0.0653696 0.494987 0.0957102 0.171509 0.280454 0.0422911 0.0823842 0.423667 0.0802344 0.130917 0.235342 0.240404
0.242935 0.343896 0.0504566 0.106513 0.251004 0.0384514 0.0693793 0.515316 0.0984092 0.181542 0.290848 0.0440647 0.0868585 0.440058 0.086292 0.138252 0.240404 0.245467
0.247998 0.357543 0.0519905 0.113972 0.259852 0.038028 0.0724723 0.537819 0.0936042 0.198686 0.302413 0.0424284 0.0929672 0.457479 0.0837699 0.144369 0.245467 0.250529
0.253060 0.373344 0.0549113 0.123183 0.267682 0.0382927 0.0743277 0.56833 0.0910237 0.217645 0.314132 0.0417108 0.100163 0.48068 0.0783286 0.157975 0.250529 0.255592
0.258123 0.383275 0.0542321 0.124214 0.275439 0.0407711 0.0762849 0.582273 0.100545 0.220583 0.322546 0.0437296 0.103209 0.493361 0.0802652 0.162105 0.255592 0.260654
0.263185 0.394352 0.0539661 0.127194 0.284058 0.0431507 0.0792931 0.597885 0.099659 0.227277 0.33106 0.0471791 0.10438 0.509083 0.0806118 0.166655 0.260654 0.265716
0.268248 0.40698 0.0606232 0.134415 0.295073 0.043872 0.0850523 0.61349 0.104267 0.229883 0.340868 0.047399 0.108224 0.526823 0.0900357 0.175933 0.265716 0.270779
0.273310 0.419027 0.0668111 0.139503 0.304262 0.0471543 0.0870537 0.630811 0.106252 0.237378 0.351102 0.057164 0.112342 0.542156 0.0925769 0.184145 0.270779 0.275842
0.278373 0.431553 0.0714207 0.140712 0.315732 0.0473102 0.0938441 0.645285 0.114685 0.24098 0.361063 0.0596184 0.116022 0.559332 0.100838 0.191083 0.275842 0.280904
0.283435 0.442381 0.0803423 0.143318 0.324149 0.0527896 0.0955232 0.660561 0.125753 0.237906 0.370899 0.0636732 0.119865 0.571956 0.10695 0.190276 0.280904 0.285967
0.288498 0.453277 0.0894849 0.148141 0.333186 0.0603619 0.0968094 0.674888 0.139293 0.245398 0.382159 0.0724411 0.122689 0.582193 0.114425 0.194722 0.285967 0.291029
0.293560 0.464187 0.0956944 0.15097 0.342068 0.0653199 0.100107 0.68954 0.152465 0.248224 0.390575 0.0768666 0.125367 0.597625 0.126504 0.197657 0.291029 0.296091
0.298623 0.476791 0.0962478 0.157426 0.351714 0.0702742 0.105792 0.707604 0.158523 0.254156 0.401556 0.0852629 0.129854 0.613171 0.136615 0.206218 0.296091 0.301154
0.303685 0.488133 0.101006 0.162471 0.359424 0.0749223 0.108009 0.725646 0.172152 0.262389 0.411129 0.0887091 0.134788 0.627717 0.139121 0.212046 0.301154 0.306217
0.308748 0.497951 0.108644 0.164576 0.370463 0.080321 0.11231 0.733213 0.189672 0.255869 0.419767 0.0921702 0.135606 0.639676 0.145535 0.210558 0.306217 0.311279
0.313810 0.512991 0.106914 0.171159 0.382311 0.0873817 0.117537 0.754144 0.188248 0.264808 0.43366 0.0925797 0.141709 0.656795 0.14122 0.22005 0.311279 0.316341
0.318873 0.526259 0.115275 0.175874 0.392336 0.0902388 0.120142 0.773397 0.198532 0.275713 0.444197 0.0971733 0.147283 0.675015 0.148559 0.224929 0.316341 0.321404
0.323935 0.541597 0.119237 0.181502 0.403223 0.0950887 0.122523 0.796949 0.200373 0.285168 0.458983 0.106501 0.153958 0.691353 0.163721 0.231308 0.321404 0.326466
0.328997 0.555925 0.127315 0.187545 0.415593 0.0993651 0.126471 0.814888 0.198897 0.283951 0.471509 0.114486 0.15758 0.708947 0.154993 0.23808 0.326466 0.331528
0.334060 0.57272 0.131595 0.194248 0.429839 0.102795 0.131196 0.836388 0.204976 0.289019 0.488627 0.120838 0.165089 0.725157 0.167668 0.240697 0.331528 0.336591
0.339122 0.590382 0.139318 0.198375 0.44325 0.107233 0.135839 0.861893 0.208355 0.295715 0.503983 0.126972 0.170868 0.746998 0.178908 0.245498 0.336591 0.341653
0.344185 0.603615 0.144283 0.202153 0.453109 0.113329 0.138276 0.881354 0.212196 0.301497 0.512803 0.132868 0.171847 0.768233 0.185475 0.250894 0.341653 0.346716
0.349247 0.618773 0.150738 0.204994 0.463155 0.115764 0.139542 0.905946 0.213304 0.304169 0.525156 0.13855 0.175816 0.788475 0.197409 0.252131 0.346716 0.351779
0.354310 0.636123 0.15902 0.205918 0.477859 0.120385 0.142919 0.928179 0.224016 0.311267 0.538804 0.145756 0.177613 0.812535 0.212143 0.258296 0.351779 0.356841
0.359372 0.655165 0.168135 0.208164 0.493605 0.124724 0.146976 0.953301 0.239259 0.318994 0.557438 0.150983 0.182675 0.832317 0.222345 0.256775 0.356841 0.361903
0.364435 0.676118 0.177339 0.216906 0.511503 0.127124 0.152271 0.979893 0.237387 0.316359 0.575707 0.159218 0.187597 0.858136 0.231502 0.266413 0.361903 0.366966
0.369497 0.698752 0.190313 0.225499 0.529081 0.130872 0.155783 1.01186 0.235257 0.325742 0.596041 0.164999 0.19216 0.884938 0.235876 0.267189 0.366966 0.372028
0.374560 0.71878 0.201623 0.231082 0.543983 0.137495 0.155924 1.04134 0.254951 0.335963 0.614788 0.171684 0.19621 0.907288 0.244716 0.27345 0.372028 0.377091
0.379622 0.740598 0.20459 0.237516 0.557925 0.140835 0.156803 1.0777 0.266557 0.349272 0.632311 0.174111 0.196874 0.936893 0.236235 0.286952 0.377091 0.382154
0.384685 0.762974 0.208072 0.239562 0.574452 0.144759 0.158477 1.11087 0.271878 0.354609 0.652472 0.178939 0.203102 0.963284 0.235625 0.29387 0.382154 0.387216
0.389747 0.78877 0.215769 0.248303 0.592497 0.150425 0.160344 1.15097 0.294153 0.368141 0.675953 0.181651 0.212826 0.993276 0.233253 0.301258 0.387216 0.392278
0.394810 0.811648 0.222658 0.253036 0.611193 0.154319 0.164674 1.18156 0.314275 0.378896 0.697572 0.193048 0.21736 1.01843 0.244587 0.303139 0.392278 0.397341
0.399872 0.837015 0.221759 0.260297 0.632034 0.155428 0.167299 1.21528 0.324373 0.379564 0.720397 0.197226 0.22709 1.04841 0.255693 0.308315 0.397341 0.402404
0.404935 0.862631 0.223909 0.263745 0.652011 0.159099 0.175749 1.2513 0.333531 0.396195 0.742444 0.197256 0.235797 1.0805 0.267246 0.320066 0.402404 0.407466
0.409997 0.890932 0.224941 0.2664 0.674916 0.16578 0.186625 1.28956 0.35293 0.401204 0.766659 0.198587 0.242287 1.1162 0.291395 0.325723 0.407466 0.412529
0.415060 0.917995 0.227486 0.271266 0.694136 0.17641 0.195419 1.3311 0.366607 0.418473 0.790555 0.20139 0.242011 1.14901 0.307789 0.342201 0.412529 0.417591
0.420122 0.94916 0.224955 0.282922 0.717212 0.177831 0.204783 1.37719 0.370582 0.441491 0.819908 0.202772 0.248655 1.18346 0.314337 0.346718 0.417591 0.422653
0.425185 0.977231 0.231198 0.288661 0.741671 0.182542 0.210519 1.41193 0.378892 0.447588 0.850651 0.206422 0.253329 1.20668 0.329058 0.345156 0.422653 0.427716
0.430247 1.01095 0.224333 0.302017 0.76954 0.193727 0.219466 1.45644 0.379422 0.461637 0.883386 0.204017 0.265931 1.24219 0.331627 0.353708 0.427716 0.432779
0.435310 1.04618 0.228999 0.316813 0.796598 0.195004 0.225062 1.50675 0.393761 0.491351 0.917174 0.206742 0.272419 1.28003 0.333618 0.366492 0.432779 0.437841
0.440372 1.07984 0.239508 0.324148 0.823099 0.196741 0.22921 1.55363 0.404471 0.507585 0.949273 0.213496 0.283972 1.31653 0.338112 0.373011 0.437841 0.442903
0.445435 1.1176 0.255702 0.333952 0.854208 0.197621 0.234859 1.60366 0.416147 0.517604 0.983941 0.215772 0.293499 1.35989 0.32953 0.384137 0.442903 0.447966
0.450497 1.15252 0.262947 0.340475 0.884583 0.209838 0.241909 1.64696 0.414513 0.525124 1.01763 0.215596 0.304774 1.39703 0.328554 0.394775 0.447966 0.453029
0.455560 1.19109 0.262653 0.348302 0.918652 0.231135 0.252199 1.69383 0.416104 0.53664 1.05814 0.210817 0.309947 1.43209 0.336223 0.39372 0.453029 0.458091
0.460622 1.23035 0.260857 0.354123 0.955717 0.233591 0.262038 1.73715 0.419844 0.540587 1.09935 0.21771 0.326375 1.46782 0.36091 0.402634 0.458091 0.463154
0.465685 1.26964 0.25771 0.363155 0.991972 0.232746 0.268912 1.78203 0.43497 0.544112 1.13941 0.229229 0.326274 1.5057 0.373157 0.414034 0.463154 0.468216
0.470747 1.3085 0.257242 0.371364 1.03034 0.20982 0.276446 1.82179 0.456318 0.543406 1.17883 0.237896 0.335984 1.54355 0.377619 0.413631 0.468216 0.473278
0.475810 1.34745 0.269033 0.381074 1.07104 0.206206 0.290912 1.85754 0.466783 0.551248 1.21741 0.240072 0.336663 1.58318 0.390253 0.435611 0.473278 0.478341
0.480872 1.38547 0.277636 0.38463 1.11107 0.208582 0.302135 1.89183 0.480281 0.548782 1.25858 0.222799 0.343438 1.61548 0.402382 0.435512 0.478341 0.483404
0.485935 1.42795 0.294409 0.390339 1.15386 0.219761 0.308414 1.93376 0.501 0.555487 1.30511 0.238557 0.356695 1.65064 0.400923 0.420699 0.483404 0.488466
0.490997 1.46926 0.302313 0.400537 1.19391 0.22748 0.318136 1.97738 0.522255 0.560448 1.35184 0.254286 0.371074 1.6821 0.400031 0.429057 0.488466 0.493528
0.496060 1.51094 0.312388 0.411764 1.23781 0.229945 0.332608 2.01498 0.549772 0.55274 1.40021 0.266682 0.387736 1.71166 0.395979 0.439548 0.493528 0.498591
0.501122 1.55523 0.32505 0.419797 1.28437 0.230253 0.346512 2.05506 0.579268 0.548822 1.44759 0.271564 0.402177 1.75034 0.404356 0.453024 0.498591 0.503654
0.506185 1.59702 0.339349 0.429918 1.32769 0.228302 0.358001 2.09404 0.604891 0.560551 1.49349 0.273463 0.412601 1.7847 0.41551 0.450263 0.503654 0.508716
0.511247 1.63554 0.346183 0.435032 1.37198 0.228182 0.36279 2.1219 0.63274 0.550412 1.53807 0.277594 0.429627 1.81223 0.432555 0.455432 0.508716 0.513778
0.516310 1.67428 0.352157 0.446513 1.41945 0.227664 0.380635 2.14455 0.661255 0.53464 1.58238 0.282583 0.441208 1.84087 0.444518 0.451309 0.513778 0.518841
0.521372 1.71732 0.35887 0.456906 1.46845 0.233316 0.39563 2.17656 0.696311 0.539577 1.62924 0.293621 0.453533 1.87697 0.456887 0.453002 0.518841 0.523903
0.526435 1.7561 0.37273 0.465108 1.51367 0.242548 0.407863 2.20346 0.709183 0.54119 1.67182 0.298682 0.469342 1.90888 0.473558 0.45711 0.523903 0.528966
0.531497 1.79175 0.382053 0.472637 1.5581 0.253214 0.420737 2.22292 0.71735 0.543199 1.71112 0.309954 0.479451 1.9379 0.479285 0.455341 0.528966 0.534029
0.536560 1.8278 0.3907 0.48503 1.60392 0.260895 0.444009 2.24095 0.724427 0.54606 1.75304 0.325206 0.48668 1.96331 0.492982 0.464733 0.534029 0.539091
0.541622 1.86044 0.389808 0.496328 1.64561 0.269657 0.456347 2.25686 0.736032 0.550877 1.78999 0.332611 0.497142 1.98814 0.499798 0.470512 0.539091 0.544153
0.546685 1.88808 0.385115 0.508517 1.68111 0.280569 0.470282 2.27003 0.734551 0.553392 1.81998 0.342908 0.505834 2.01153 0.502132 0.483708 0.544153 0.549216
0.551747 1.91697 0.38051 0.513441 1.71992 0.295851 0.484886 2.28059 0.742704 0.551204 1.85169 0.357837 0.513687 2.03529 0.513668 0.488736 0.549216 0.554278
0.556810 1.94578 0.3928 0.526536 1.75959 0.311614 0.492248 2.28936 0.738889 0.553939 1.8882 0.368549 0.526131 2.05016 0.515149 0.489505 0.554278 0.559341
0.561872 1.97449 0.407629 0.527317 1.79748 0.320688 0.501317 2.30113 0.739909 0.560416 1.92247 0.371706 0.537184 2.06878 0.524816 0.494263 0.559341 0.564404
0.566935 1.99824 0.427676 0.526438 1.83528 0.32747 0.509854 2.29897 0.768631 0.54979 1.95512 0.384174 0.538753 2.0764 0.544371 0.48633 0.564404 0.569466
0.571997 2.02321 0.440515 0.528372 1.87377 0.328929 0.524388 2.29898 0.781013 0.541454 1.98925 0.389469 0.546592 2.08479 0.546059 0.483544 0.569466 0.574528
0.577060 2.03815 0.444567 0.520609 1.90282 0.332674 0.52357 2.28788 0.786461 0.535363 2.01433 0.390432 0.551059 2.08132 0.541228 0.483647 0.574528 0.579592
0.582123 2.05675 0.446952 0.53189 1.93773 0.334324 0.538146 2.27639 0.783422 0.516711 2.04347 0.386756 0.561031 2.08083 0.541332 0.479595 0.579592 0.584654
0.587185 2.06987 0.462186 0.541711 1.96473 0.337325 0.54823 2.26389 0.781087 0.507186 2.06571 0.398748 0.570107 2.07741 0.550375 0.479855 0.584654 0.589717
0.592248 2.08486 0.459332 0.535427 1.99547 0.333224 0.555211 2.24983 0.78436 0.50033 2.09222 0.396033 0.577952 2.07153 0.559071 0.461556 0.589717 0.594779
0.597310 2.0948 0.46194 0.534187 2.02198 0.329374 0.565351 2.22918 0.800361 0.485643 2.11254 0.403303 0.579142 2.06265 0.560967 0.465294 0.594779 0.599841
0.602373 2.10568 0.457811 0.543279 2.04935 0.325417 0.576533 2.20963 0.816821 0.488983 2.13477 0.401016 0.587399 2.05295 0.572075 0.476624 0.599841 0.604904
0.607435 2.11191 0.457935 0.539987 2.07301 0.315697 0.583398 2.18369 0.830982 0.477139 2.15473 0.395333 0.59409 2.03429 0.590439 0.454621 0.604904 0.609967
0.612498 2.11502 0.454899 0.542442 2.09485 0.299578 0.592786 2.15222 0.823175 0.456954 2.17085 0.416057 0.598317 2.01381 0.575123 0.457793 0.609967 0.615029
0.617560 2.11613 0.451973 0.548855 2.11114 0.303963 0.600477 2.12532 0.805573 0.470935 2.18174 0.403263 0.604736 1.99719 0.557438 0.463819 0.615029 0.620092
0.622623 2.0978 0.461279 0.540255 2.10493 0.338074 0.588813 2.08463 0.791459 0.45878 2.17041 0.406235 0.586579 1.96617 0.565471 0.449266 0.620092 0.625154
0.627685 2.07312 0.490682 0.521261 2.09158 0.383299 0.572293 2.03906 0.772394 0.44522 2.15305 0.416377 0.577574 1.92823 0.571146 0.427423 0.625154 0.630216
0.632748 2.05567 0.493192 0.51162 2.08364 0.42083 0.566405 2.00407 0.758789 0.437211 2.14106 0.453798 0.565164 1.90089 0.56391 0.414743 0.630216 0.635279
0.637810 2.02963 0.511046 0.491016 2.06724 0.46681 0.552895 1.96021 0.733571 0.42762 2.11834 0.496542 0.547178 1.86882 0.556446 0.411944 0.635279 0.640342
0.642873 2.00832 0.496544 0.480445 2.05326 0.44427 0.53172 1.92539 0.724285 0.412731 2.09941 0.494954 0.534186 1.8432 0.551126 0.403382 0.640342 0.645404
0.647935 1.97786 0.498536 0.464623 2.03093 0.416383 0.513379 1.87993 0.703903 0.396284 2.07265 0.482891 0.516242 1.80604 0.545124 0.381872 0.645404 0.650466
0.652998 1.95648 0.504387 0.450528 2.02205 0.439772 0.511802 1.83548 0.688133 0.388529 2.05696 0.467067 0.506954 1.77433 0.543899 0.378503 0.650466 0.655529
0.658060 1.93051 0.5088 0.437174 1.99766 0.429068 0.486445 1.8066 0.690068 0.377189 2.0308 0.480958 0.487293 1.74871 0.531797 0.371055 0.655529 0.660591
0.663123 1.89375 0.511699 0.424248 1.96726 0.414855 0.468621 1.75809 0.688399 0.363302 1.99625 0.491438 0.473438 1.70795 0.535538 0.356119 0.660591 0.665654
0.668185 1.86618 0.516019 0.408936 1.94252 0.421944 0.453049 1.72533 0.716878 0.355014 1.9698 0.501378 0.454973 1.67836 0.535854 0.347194 0.665654 0.670717
0.673248 1.82957 0.517708 0.391917 1.91208 0.451133 0.43187 1.67731 0.731392 0.338591 1.93098 0.51518 0.436377 1.64575 0.513862 0.348086 0.670717 0.675779
0.678310 1.79189 0.52801 0.371328 1.87946 0.485307 0.408145 1.6303 0.709178 0.339039 1.89181 0.532355 0.412906 1.61077 0.506145 0.341237 0.675779 0.680841
0.684006 1.75681 0.536583 0.358768 1.85034 0.488209 0.397541 1.58423 0.682523 0.327337 1.85745 0.545372 0.397958 1.5744 0.52808 0.333218 0.680841 0.687170
0.690967 1.70177 0.540773 0.337318 1.79699 0.513302 0.380032 1.52603 0.653353 0.313084 1.80012 0.558904 0.365391 1.52347 0.519606 0.310535 0.687170 0.694764
0.698560 1.63914 0.529736 0.314794 1.73963 0.511353 0.353991 1.45371 0.626363 0.297605 1.73483 0.546586 0.341857 1.46569 0.503359 0.295003 0.694764 0.702357
0.706154 1.58492 0.512551 0.295438 1.6925 0.526365 0.327442 1.3864 0.597778 0.283839 1.68246 0.551803 0.320234 1.40811 0.491687 0.280597 0.702357 0.709951
0.713748 1.52571 0.517532 0.273158 1.6335 0.533592 0.317459 1.32679 0.569135 0.277437 1.62163 0.543082 0.296489 1.35182 0.453276 0.266833 0.709951 0.717545
0.721342 1.46466 0.506431 0.252234 1.57346 0.541538 0.300356 1.26388 0.552572 0.260427 1.55976 0.530775 0.272799 1.29227 0.445211 0.246933 0.717545 0.725139
0.728935 1.41038 0.522124 0.236204 1.52173 0.53957 0.281425 1.20491 0.509483 0.25121 1.5043 0.544986 0.25744 1.24014 0.418266 0.230682 0.725139 0.732732
0.736529 1.35502 0.525689 0.228932 1.46533 0.536248 0.255648 1.15146 0.475977 0.243478 1.44574 0.568011 0.235829 1.19057 0.414368 0.217834 0.732732 0.740326
0.744123 1.30358 0.494957 0.217545 1.41381 0.534441 0.237738 1.10015 0.454581 0.243369 1.3923 0.540798 0.223779 1.14275 0.398288 0.214598 0.740326 0.747920
0.751717 1.25036 0.474267 0.203843 1.36117 0.519583 0.227793 1.04587 0.428325 0.241405 1.33724 0.515881 0.211011 1.09286 0.382886 0.198011 0.747920 0.755513
0.759310 1.2011 0.454283 0.18548 1.31045 0.502678 0.214984 0.999298 0.396456 0.237583 1.28569 0.494479 0.194478 1.04775 0.360121 0.191088 0.755513 0.763107
0.766904 1.15534 0.429639 0.185008 1.26452 0.484351 0.199225 0.953863 0.357576 0.232375 1.23882 0.487939 0.189903 1.00401 0.344485 0.188015 0.763107 0.770701
0.774498 1.11315 0.420724 0.174253 1.22458 0.467824 0.202804 0.907532 0.335959 0.22055 1.1938 0.483672 0.19745 0.966968 0.334789 0.189267 0.770701 0.778295
0.782092 1.07368 0.407447 0.174909 1.17889 0.454897 0.186064 0.879529 0.300401 0.231938 1.15058 0.472358 0.183259 0.934271 0.315948 0.19418 0.778295 0.785888
0.789685 1.03452 0.393055 0.170383 1.13799 0.441684 0.170574 0.843571 0.281944 0.22648 1.10879 0.463818 0.171845 0.899891 0.292962 0.18852 0.785888 0.793482
0.797279 0.997347 0.382438 0.162897 1.09964 0.42797 0.156354 0.808572 0.250386 0.219837 1.06749 0.443994 0.165627 0.870207 0.278341 0.185186 0.793482 0.801076
0.804873 0.962832 0.368092 0.158624 1.06731 0.406813 0.162658 0.770026 0.246496 0.212193 1.03371 0.425551 0.162434 0.834358 0.265171 0.180446 0.801076 0.808670
0.812467 0.925952 0.350611 0.153082 1.03706 0.384248 0.156223 0.720925 0.2429 0.194025 0.998319 0.41025 0.150085 0.79477 0.250834 0.163601 0.808670 0.816263
0.820060 0.890514 0.335476 0.144641 1.00411 0.384121 0.152575 0.680886 0.235713 0.182354 0.962704 0.397056 0.14152 0.759654 0.236034 0.148663 0.816263 0.823857
0.827654 0.857299 0.314238 0.141177 0.973134 0.363405 0.145703 0.643541 0.216269 0.166664 0.931982 0.379132 0.140015 0.721919 0.221668 0.143088 0.823857 0.831451
0.835248 0.827919 0.30125 0.135761 0.946219 0.339106 0.140326 0.609612 0.203013 0.154671 0.902608 0.358192 0.138815 0.692528 0.210316 0.137715 0.831451 0.839045
0.842842 0.798872 0.290866 0.133547 0.920156 0.323507 0.141285 0.575058 0.195101 0.15222 0.873446 0.343494 0.135665 0.663689 0.19607 0.130615 0.839045 0.846639
0.850435 0.770355 0.276874 0.130964 0.89659 0.309655 0.140692 0.537407 0.190769 0.144148 0.843215 0.32678 0.132955 0.638281 0.186224 0.129409 0.846639 0.854232
0.858029 0.743141 0.268159 0.125619 0.875359 0.307538 0.138916 0.499151 0.18073 0.136319 0.816123 0.315155 0.127819 0.610846 0.182852 0.121956 0.854232 0.861826
0.865623 0.715442 0.246719 0.119915 0.853596 0.295541 0.137528 0.460496 0.172958 0.12511 0.788917 0.300495 0.126676 0.582251 0.176381 0.110764 0.861826 0.869420
0.873217 0.693805 0.234812 0.11873 0.836171 0.293842 0.137582 0.431085 0.162916 0.117947 0.766045 0.278746 0.125806 0.562854 0.176973 0.110545 0.869420 0.877014
0.880810 0.669192 0.231817 0.115403 0.81316 0.28949 0.134675 0.403517 0.150558 0.112219 0.740264 0.269804 0.12036 0.540358 0.17256 0.110007 0.877014 0.884607
0.888404 0.647492 0.232063 0.114487 0.79592 0.286171 0.135617 0.373588 0.139565 0.103161 0.719683 0.263579 0.12131 0.516629 0.161858 0.104989 0.884607 0.892201
0.895998 0.626294 0.21724 0.113671 0.777669 0.278194 0.139982 0.346953 0.134499 0.101225 0.697565 0.245305 0.121149 0.497101 0.156418 0.105682 0.892201 0.899795
0.903592 0.610217 0.209062 0.11322 0.764519 0.276717 0.144513 0.325473 0.124886 0.0982542 0.681029 0.23425 0.121112 0.481854 0.150477 0.107691 0.899795 0.907389
0.911185 0.58895 0.200481 0.109897 0.746817 0.278252 0.14339 0.297627 0.114101 0.0913331 0.657285 0.221491 0.118587 0.465076 0.146348 0.106543 0.907389 0.914982
0.918779 0.569494 0.189498 0.108186 0.728456 0.267483 0.139109 0.276152 0.100045 0.0869671 0.638774 0.220165 0.115589 0.44391 0.141163 0.103645 0.914982 0.922576
0.926373 0.55026 0.186609 0.106355 0.712187 0.256578 0.136585 0.251446 0.086651 0.0793694 0.621345 0.216998 0.115345 0.421404 0.137597 0.0972959 0.922576 0.930170
0.933967 0.532369 0.186869 0.103743 0.699903 0.25027 0.137399 0.223207 0.0801375 0.0706493 0.601855 0.215872 0.111198 0.40641 0.130718 0.100047 0.930170 0.937763
0.941560 0.515821 0.178223 0.103534 0.688709 0.245516 0.143559 0.19678 0.0716965 0.0641001 0.585746 0.211917 0.112539 0.389068 0.122775 0.0984306 0.937763 0.945357
0.949154 0.500148 0.170963 0.102002 0.67779 0.231208 0.14322 0.172333 0.0642452 0.0584376 0.569432 0.211915 0.111324 0.374557 0.115274 0.0979215 0.945357 0.952951
0.956748 0.485759 0.170815 0.101706 0.670886 0.223443 0.14567 0.144133 0.0578294 0.0520662 0.553702 0.209531 0.11122 0.362597 0.115113 0.0942776 0.952951 0.960545
0.964342 0.470157 0.167249 0.0989986 0.664753 0.224336 0.139718 0.111057 0.0489553 0.0396896 0.538201 0.203064 0.104297 0.346813 0.111912 0.0901791 0.960545 0.968138
0.971935 0.457134 0.160053 0.0976704 0.659746 0.21913 0.144669 0.0832423 0.0365139 0.0313698 0.524421 0.189849 0.105024 0.335162 0.103699 0.0903066 0.968138 0.975732
0.979529 0.44304 0.155157 0.0950377 0.671013 0.226887 0.156636 0.0223462 0.0168978 0.00822694 0.510809 0.185797 0.105641 0.320194 0.095909 0.0867487 0.975732 0.983326
0.987123 0 0 0 0 0 0 0 0 0 0 0 0 0 0 0 0.983326 0.990920
0.994717 0 0 0 0 0 0 0 0 0 0 0 0 0 0 0 0.990920 0.998514
1.000412 0 0 0 0 0 0 0 0 0 0 0 0 0 0 0 0.998514 1.002310
