#Peak halo mass range: 9.125 < log10(Mh/Msun) < 9.375
#Quenched threshold: True SFR / True SM < 1e-11 / yr
#True SFHs in units of Msun/yr.
#See documentation for explanation of true vs. observed SFRs and SMs.
#Bestfit halos in bin: 246798
#Bestfit SF halos in bin: 243046
#Bestfit Q halos in bin: 3752
#Bestfit central halos in bin: 200393
#Bestfit satellite halos in bin: 46405
#Avg_scale_factor <SFH_all> Err+ Err- <SFH_SF> Err+ Err- <SFH_Q> Err+ Err- <SFH_Cen> Err+ Err- <SFH_Sat> Err+ Err- Scale_factor_begin Scale_factor_end
0.028936 0 0 0 0 0 0 0 0 0 0 0 0 0 0 0 0.000000 0.057873
0.059561 0 0 0 0 0 0 0 0 0 0 0 0 0 0 0 0.057873 0.061248
0.062373 0 0 0 0 0 0 0 0 0 0 0 0 0 0 0 0.061248 0.063498
0.064623 0 0 0 0 0 0 0 0 0 0 0 0 0 0 0 0.063498 0.065748
0.066873 0 0 0 0 0 0 0 0 0 0 0 0 0 0 0 0.065748 0.067998
0.069123 0 0 0 0 0 0 0 0 0 0 0 0 0 0 0 0.067998 0.070248
0.071373 0 0 0 0 0 0 0 0 0 0 0 0 0 0 0 0.070248 0.072498
0.073623 0 0 0 0 0 0 0 0 0 0 0 0 0 0 0 0.072498 0.074748
0.075873 0 0 0 0 0 0 0 0 0 0 0 0 0 0 0 0.074748 0.076998
0.078123 0 0 0 0 0 0 0 0 0 0 0 0 0 0 0 0.076998 0.079248
0.080373 0 0 0 0 0 0 0 0 0 0 0 0 0 0 0 0.079248 0.081498
0.082904 0 0 0 0 0 0 0 0 0 0 0 0 0 0 0 0.081498 0.084311
0.085998 0 0 0 0 0 0 0 0 0 0 0 0 0 0 0 0.084311 0.087685
0.089373 0 0 0 0 0 0 0 0 0 0 0 0 0 0 0 0.087685 0.091061
0.092748 0 0 0 0 0 0 0 0 0 0 0 0 0 0 0 0.091061 0.094435
0.096123 0 0 0 0 0 0 0 0 0 0 0 0 0 0 0 0.094435 0.097811
0.099498 0 0 0 0 0 0 0 0 0 0 0 0 0 0 0 0.097811 0.101186
0.102873 0 0 0 0 0 0 0 0 0 0 0 0 0 0 0 0.101186 0.104560
0.106248 0 0 0 0 0 0 0 0 0 0 0 0 0 0 0 0.104560 0.107936
0.109623 0 0 0 0 0 0 0 0 0 0 0 0 0 0 0 0.107936 0.111310
0.112998 0 0 0 0 0 0 0 0 0 0 0 0 0 0 0 0.111310 0.114686
0.116373 0 0 0 0 0 0 0 0 0 0 0 0 0 0 0 0.114686 0.118060
0.119748 0 0 0 0 0 0 0 0 0 0 0 0 0 0 0 0.118060 0.121435
0.123123 0 0 0 0 0 0 0 0 0 0 0 0 0 0 0 0.121435 0.124811
0.126498 0 0 0 0 0 0 0 0 0 0 0 0 0 0 0 0.124811 0.128185
0.129873 0 0 0 0 0 0 0 0 0 0 0 0 0 0 0 0.128185 0.131561
0.133248 0 0 0 0 0 0 0 0 0 0 0 0 0 0 0 0.131561 0.134935
0.137045 0 0 0 0 0 0 0 0 0 0 0 0 0 0 0 0.134935 0.139154
0.141685 0 0 0 0 0 0 0 0 0 0 0 0 0 0 0 0.139154 0.144217
0.146748 1.51262e-08 3.79126e-09 1.51262e-08 0 0 0 9.94965e-07 4.32486e-07 9.94965e-07 0 0 0 8.04462e-08 2.01633e-08 8.04462e-08 0.144217 0.149279
0.151810 1.10054e-08 3.47917e-09 1.10054e-08 0 0 0 7.23913e-07 4.86649e-07 7.23913e-07 0 0 0 5.85308e-08 1.85034e-08 5.85308e-08 0.149279 0.154342
0.156873 1.62884e-08 5.22007e-09 1.62884e-08 0 0 0 1.07141e-06 6.91538e-07 1.07141e-06 0 0 0 8.66274e-08 2.77622e-08 8.66274e-08 0.154342 0.159404
0.161935 1.09195e-08 4.32264e-09 1.09195e-08 0 0 0 7.18257e-07 6.41773e-07 7.18257e-07 0 0 0 5.80735e-08 2.29893e-08 5.80735e-08 0.159404 0.164467
0.166998 9.40798e-09 4.01076e-09 9.40798e-09 0 0 0 6.18835e-07 6.55676e-07 6.18835e-07 0 0 0 5.00349e-08 2.13306e-08 5.00349e-08 0.164467 0.169529
0.172060 6.05277e-09 2.56585e-09 6.05277e-09 0 0 0 3.98137e-07 2.31592e-07 3.98137e-07 0 0 0 3.21907e-08 1.36461e-08 3.21907e-08 0.169529 0.174591
0.177123 8.27821e-09 3.74076e-09 8.27821e-09 0 0 0 5.44522e-07 4.86654e-07 5.44522e-07 0 0 0 4.40264e-08 1.98947e-08 4.40264e-08 0.174591 0.179654
0.182185 7.48076e-09 1.6197e-09 7.48076e-09 0 0 0 4.92067e-07 3.57312e-07 4.92067e-07 0 0 0 3.97853e-08 8.61413e-09 3.97853e-08 0.179654 0.184716
0.187248 6.36527e-09 1.97655e-09 6.36527e-09 0 0 0 4.18693e-07 3.4882e-07 4.18693e-07 0 0 0 3.38527e-08 1.0512e-08 3.38527e-08 0.184716 0.189779
0.192310 2.42357e-09 1.05438e-09 2.42357e-09 0 0 0 1.59417e-07 1.97194e-07 1.59417e-07 0 0 0 1.28894e-08 5.60758e-09 1.28894e-08 0.189779 0.194842
0.197373 1.97839e-09 1.15327e-09 1.97839e-09 0 0 0 1.30134e-07 1.54831e-07 1.30134e-07 0 0 0 1.05218e-08 3.74717e-09 1.05218e-08 0.194842 0.199904
0.202435 1.81528e-09 1.01562e-09 1.81528e-09 0 0 0 1.19405e-07 1.55346e-07 1.19405e-07 0 0 0 9.6543e-09 2.78177e-09 9.6543e-09 0.199904 0.204967
0.207498 2.24439e-09 1.75425e-09 2.00901e-09 0 3.24814e-10 0 1.47631e-07 2.21376e-07 1.46502e-07 3.38628e-10 4.61986e-10 1.22742e-10 1.04742e-08 4.68887e-09 1.04742e-08 0.204967 0.210029
0.212560 3.48323e-09 2.69457e-09 3.24929e-09 4.30066e-11 2.64709e-10 1.5015e-11 2.26333e-07 3.17213e-07 2.25338e-07 3.46911e-10 4.30209e-10 1.37637e-10 1.70269e-08 8.37189e-09 1.70269e-08 0.210029 0.215091
0.217623 5.30355e-09 3.86573e-09 4.9543e-09 1.47076e-10 3.82934e-10 5.35033e-11 3.39328e-07 4.67561e-07 3.3834e-07 4.6279e-10 7.55767e-10 1.78692e-10 2.62076e-08 1.25161e-08 2.62076e-08 0.215091 0.220154
0.222685 5.48731e-09 2.63666e-09 5.13315e-09 1.29367e-10 3.69156e-10 5.11105e-11 3.52563e-07 2.62455e-07 3.51291e-07 5.21364e-10 6.93034e-10 2.08391e-10 2.6932e-08 1.19715e-08 2.6932e-08 0.220154 0.225217
0.227748 6.27933e-09 3.19234e-09 6.01073e-09 1.03754e-10 3.21707e-10 3.65169e-11 4.06319e-07 2.20719e-07 4.05322e-07 4.12726e-10 5.71982e-10 1.63075e-10 3.16134e-08 1.43944e-08 3.16134e-08 0.225217 0.230279
0.232810 7.12619e-09 3.88696e-09 6.93997e-09 6.07808e-11 2.19966e-10 2.57157e-11 4.64807e-07 2.45774e-07 4.64802e-07 2.67191e-10 4.41948e-10 1.1018e-10 3.67457e-08 1.71653e-08 3.67457e-08 0.230279 0.235342
0.237873 9.14936e-09 5.43692e-09 9.02464e-09 5.18525e-11 1.69649e-10 2.06566e-11 5.98465e-07 3.46543e-07 5.98465e-07 1.86445e-10 3.76288e-10 1.03664e-10 4.78543e-08 2.57338e-08 4.78543e-08 0.235342 0.240404
0.242935 2.36577e-08 9.7223e-09 2.34798e-08 8.70208e-11 2.29324e-10 3.1978e-11 1.55051e-06 6.99203e-07 1.55051e-06 2.56741e-10 3.90572e-10 1.18305e-10 1.24711e-07 5.1241e-08 1.24711e-07 0.240404 0.245467
0.247998 2.32319e-08 6.77028e-09 2.30058e-08 1.34202e-10 2.90673e-10 5.48584e-11 1.51945e-06 5.71708e-07 1.51926e-06 3.37397e-10 5.32724e-10 1.41907e-10 1.22098e-07 3.28172e-08 1.22098e-07 0.245467 0.250529
0.253060 9.37971e-09 4.67305e-09 8.84262e-09 4.83344e-10 6.07742e-10 2.27114e-10 5.85666e-07 2.62759e-07 5.83811e-07 7.80717e-10 1.34672e-09 3.03171e-10 4.65132e-08 2.34792e-08 4.65132e-08 0.250529 0.255592
0.258123 7.37225e-09 3.10939e-09 6.79982e-09 6.27861e-10 4.76965e-10 3.66973e-10 4.44258e-07 1.60776e-07 4.42849e-07 8.64587e-10 1.13385e-09 3.66376e-10 3.54746e-08 1.56159e-08 3.54218e-08 0.255592 0.260654
0.263185 5.72235e-09 3.21746e-09 5.04071e-09 7.33559e-10 6.79507e-10 3.6076e-10 3.28885e-07 2.39034e-07 3.27512e-07 9.44898e-10 1.3528e-09 4.09247e-10 2.63531e-08 1.43457e-08 2.59423e-08 0.260654 0.265716
0.268248 6.14152e-09 4.00714e-09 5.18465e-09 1.01877e-09 8.81343e-10 4.6057e-10 3.37981e-07 3.61786e-07 3.36429e-07 1.20172e-09 1.75337e-09 4.82547e-10 2.74733e-08 1.50125e-08 2.67617e-08 0.265716 0.270779
0.273310 6.90272e-09 4.41093e-09 5.22362e-09 1.94786e-09 1.8464e-09 1.12473e-09 3.27867e-07 2.55265e-07 3.2363e-07 1.82398e-09 1.99066e-09 7.573e-10 2.88345e-08 1.65503e-08 2.6275e-08 0.270779 0.275842
0.278373 5.68674e-09 3.20229e-09 4.31189e-09 1.50598e-09 1.40048e-09 8.00523e-10 2.76507e-07 1.7923e-07 2.71512e-07 1.29652e-09 2.04484e-09 5.41468e-10 2.46452e-08 1.17253e-08 2.2204e-08 0.275842 0.280904
0.283435 5.44741e-09 2.9215e-09 4.08789e-09 1.55701e-09 1.39303e-09 8.83136e-10 2.57459e-07 2.66265e-07 2.5359e-07 1.34128e-09 1.84252e-09 5.99565e-10 2.31791e-08 1.10414e-08 2.06832e-08 0.280904 0.285967
0.288498 7.36389e-09 4.09267e-09 5.69975e-09 2.06977e-09 1.79894e-09 1.17357e-09 3.50305e-07 2.62126e-07 3.45442e-07 2.03374e-09 2.43641e-09 8.38862e-10 3.03814e-08 1.31547e-08 2.83496e-08 0.285967 0.291029
0.293560 6.58442e-09 3.97749e-09 4.61768e-09 2.41541e-09 1.84612e-09 1.37466e-09 2.76643e-07 2.6119e-07 2.71391e-07 2.35392e-09 2.56369e-09 9.81758e-10 2.48532e-08 1.21185e-08 2.22004e-08 0.291029 0.296091
0.298623 7.76481e-09 4.55349e-09 5.65993e-09 2.59388e-09 2.38121e-09 1.41039e-09 3.42726e-07 2.39834e-07 3.35591e-07 2.85075e-09 3.0928e-09 1.20258e-09 2.89854e-08 1.22453e-08 2.70232e-08 0.296091 0.301154
0.303685 9.10245e-09 5.12164e-09 6.60019e-09 2.97189e-09 3.00534e-09 1.59138e-09 4.06226e-07 1.52927e-07 3.98409e-07 3.49e-09 3.76029e-09 1.44754e-09 3.3339e-08 1.29451e-08 3.14511e-08 0.301154 0.306217
0.308748 8.84082e-09 5.46845e-09 6.09785e-09 3.15595e-09 3.37644e-09 1.63529e-09 3.77094e-07 1.56461e-07 3.69632e-07 3.88691e-09 4.49916e-09 1.66201e-09 3.02335e-08 1.13565e-08 2.87884e-08 0.306217 0.311279
0.313810 8.52941e-09 5.51432e-09 5.48658e-09 3.51371e-09 4.25634e-09 1.8139e-09 3.33435e-07 1.33707e-07 3.227e-07 4.31144e-09 4.80378e-09 1.8421e-09 2.67441e-08 1.08047e-08 2.41081e-08 0.311279 0.316341
0.318873 7.92386e-09 5.26336e-09 5.07201e-09 3.52026e-09 4.36822e-09 1.8247e-09 2.93179e-07 3.13805e-07 2.83803e-07 4.16271e-09 4.7947e-09 1.82757e-09 2.41658e-08 1.05668e-08 2.16905e-08 0.316341 0.321404
0.323935 9.69108e-09 6.39289e-09 6.39987e-09 4.06421e-09 5.25712e-09 2.05928e-09 3.74187e-07 1.40466e-07 3.64285e-07 4.85389e-09 6.09212e-09 2.11467e-09 3.05798e-08 1.01861e-08 2.82025e-08 0.321404 0.326466
0.328997 1.07946e-08 7.36207e-09 6.88437e-09 5.18278e-09 6.92117e-09 2.60089e-09 3.74316e-07 1.75343e-07 3.66166e-07 5.96343e-09 7.48654e-09 2.71003e-09 3.16573e-08 9.99601e-09 2.84652e-08 0.326466 0.331528
0.334060 1.09779e-08 8.11588e-09 6.71552e-09 5.76592e-09 7.90878e-09 2.84644e-09 3.48598e-07 2.92157e-07 3.38796e-07 6.62509e-09 8.18502e-09 3.03615e-09 2.97749e-08 1.35973e-08 2.64812e-08 0.331528 0.336591
0.339122 1.19264e-08 9.7494e-09 7.16354e-09 6.70577e-09 8.89339e-09 3.50222e-09 3.50108e-07 3.20966e-07 3.38846e-07 7.41366e-09 9.05592e-09 3.45358e-09 3.14141e-08 1.41975e-08 2.73315e-08 0.336591 0.341653
0.344185 1.20912e-08 1.2341e-08 6.77799e-09 7.90628e-09 1.02256e-08 4.27863e-09 2.83182e-07 3.13107e-07 2.71092e-07 8.26942e-09 1.11509e-08 3.87652e-09 2.85951e-08 1.81101e-08 2.27057e-08 0.341653 0.346716
0.349247 1.2673e-08 1.35354e-08 6.85752e-09 8.86755e-09 1.10028e-08 4.90838e-09 2.59181e-07 2.89811e-07 2.48585e-07 9.15121e-09 1.24535e-08 4.34274e-09 2.78813e-08 1.59878e-08 2.14053e-08 0.346716 0.351779
0.354310 1.49109e-08 1.72434e-08 7.53551e-09 1.11339e-08 1.38789e-08 6.15394e-09 2.59574e-07 3.5934e-07 2.41899e-07 1.17516e-08 1.61062e-08 5.5652e-09 2.85539e-08 1.83187e-08 2.09474e-08 0.351779 0.356841
0.359372 1.68512e-08 2.07265e-08 8.3336e-09 1.31742e-08 1.64391e-08 7.19005e-09 2.55034e-07 3.88803e-07 2.33832e-07 1.41097e-08 1.89827e-08 6.87867e-09 2.86896e-08 2.8257e-08 2.02061e-08 0.356841 0.361903
0.364435 1.86859e-08 2.38016e-08 9.32891e-09 1.48697e-08 1.86234e-08 8.18547e-09 2.65889e-07 5.82633e-07 2.43693e-07 1.5767e-08 2.19031e-08 7.88342e-09 3.12906e-08 3.7554e-08 2.17568e-08 0.361903 0.366966
0.369497 1.94983e-08 2.75293e-08 9.67507e-09 1.74084e-08 2.15782e-08 9.66946e-09 1.54875e-07 1.06503e-05 1.20728e-07 1.87083e-08 2.66804e-08 9.49848e-09 2.29097e-08 2.92911e-08 1.25856e-08 0.366966 0.372028
0.374560 2.38263e-08 3.27824e-08 1.19936e-08 2.15239e-08 2.60067e-08 1.18863e-08 1.72965e-07 2.30584e-05 1.30845e-07 2.21297e-08 3.19533e-08 1.09877e-08 3.11528e-08 4.19916e-08 1.65149e-08 0.372028 0.377091
0.379622 2.64226e-08 3.56564e-08 1.3715e-08 2.38069e-08 2.91704e-08 1.35277e-08 1.95863e-07 2.54447e-05 1.47615e-07 2.52239e-08 3.7446e-08 1.31079e-08 3.15991e-08 4.34318e-08 1.66346e-08 0.377091 0.382154
0.384685 3.14151e-08 4.44613e-08 1.6271e-08 2.85458e-08 3.81862e-08 1.61619e-08 2.1728e-07 3.25307e-05 1.6692e-07 3.03695e-08 4.50049e-08 1.5082e-08 3.59304e-08 4.89939e-08 1.84064e-08 0.382154 0.387216
0.389747 3.91783e-08 5.20275e-08 2.06616e-08 3.56443e-08 4.48553e-08 1.98072e-08 2.68107e-07 3.93546e-05 2.06305e-07 3.84214e-08 5.4721e-08 2.02184e-08 4.24469e-08 5.11144e-08 2.25273e-08 0.387216 0.392278
0.394810 4.19347e-08 5.60776e-08 2.2744e-08 3.80565e-08 4.76665e-08 2.19645e-08 2.93155e-07 3.90575e-05 2.25726e-07 4.08324e-08 5.86985e-08 2.18623e-08 4.66949e-08 4.86735e-08 2.51561e-08 0.392278 0.397341
0.399872 4.62424e-08 6.27283e-08 2.45246e-08 4.24086e-08 5.32741e-08 2.4661e-08 2.94591e-07 4.16504e-05 2.20606e-07 4.54569e-08 6.60602e-08 2.38024e-08 4.96346e-08 6.02162e-08 2.666e-08 0.397341 0.402404
0.404935 5.30181e-08 7.20448e-08 2.91647e-08 4.89227e-08 6.10636e-08 2.85891e-08 3.18314e-07 8.35276e-05 2.3604e-07 5.23992e-08 7.58538e-08 2.82443e-08 5.56908e-08 6.28746e-08 3.03105e-08 0.402404 0.407466
0.409997 6.05284e-08 8.05857e-08 3.35993e-08 5.60508e-08 6.70591e-08 3.31789e-08 3.50581e-07 8.66706e-05 2.57645e-07 6.01367e-08 8.45579e-08 3.3381e-08 6.22199e-08 6.89337e-08 3.42102e-08 0.407466 0.412529
0.415060 6.95097e-08 9.29076e-08 3.86971e-08 6.39722e-08 7.90281e-08 3.79993e-08 4.28217e-07 0.000138856 3.17496e-07 6.84136e-08 9.47169e-08 3.8396e-08 7.42428e-08 7.97201e-08 4.02141e-08 0.412529 0.417591
0.420122 8.8095e-08 9.72093e-08 4.939e-08 7.07216e-08 8.59672e-08 4.2115e-08 1.2135e-06 0.00016075 1.07258e-06 7.55738e-08 1.03419e-07 4.30221e-08 1.42166e-07 8.51996e-08 9.58917e-08 0.417591 0.422653
0.425185 9.72788e-08 1.13093e-07 5.54605e-08 7.98099e-08 9.48322e-08 4.74772e-08 1.22887e-06 0.00019926 1.08527e-06 8.46565e-08 1.14815e-07 4.75875e-08 1.51786e-07 9.69194e-08 9.97369e-08 0.422653 0.427716
0.430247 1.07027e-07 1.26757e-07 6.24461e-08 9.24214e-08 1.12819e-07 5.52732e-08 1.05314e-06 0.000206832 8.96204e-07 9.73508e-08 1.35171e-07 5.47169e-08 1.48812e-07 1.07204e-07 8.90249e-08 0.427716 0.432779
0.435310 1.16476e-07 1.42194e-07 6.85387e-08 1.02528e-07 1.2746e-07 6.18727e-08 1.02001e-06 6.29415e-05 8.55998e-07 1.07603e-07 1.494e-07 6.06458e-08 1.5479e-07 1.17606e-07 9.20794e-08 0.432779 0.437841
0.440372 1.25894e-07 1.56369e-07 7.4121e-08 1.1271e-07 1.44126e-07 6.85608e-08 9.79971e-07 6.20455e-05 8.12823e-07 1.18693e-07 1.64169e-07 6.7911e-08 1.56994e-07 1.27034e-07 9.1311e-08 0.437841 0.442903
0.445435 1.39869e-07 1.7606e-07 8.25898e-08 1.25226e-07 1.67167e-07 7.56922e-08 1.08844e-06 6.33683e-05 9.11781e-07 1.32304e-07 1.81681e-07 7.60376e-08 1.72539e-07 1.39113e-07 1.0446e-07 0.442903 0.447966
0.450497 1.57554e-07 2.03383e-07 9.31109e-08 1.43018e-07 1.93892e-07 8.59575e-08 1.09912e-06 6.73129e-05 9.09282e-07 1.50523e-07 2.07487e-07 8.62674e-08 1.87917e-07 1.5936e-07 1.11897e-07 0.447966 0.453029
0.455560 1.74572e-07 2.28851e-07 1.04389e-07 1.59748e-07 2.12629e-07 9.64657e-08 1.1348e-06 6.38961e-05 9.28984e-07 1.68049e-07 2.34955e-07 9.75944e-08 2.02741e-07 1.77451e-07 1.21211e-07 0.453029 0.458091
0.460622 1.96109e-07 2.58819e-07 1.15763e-07 1.82213e-07 2.36651e-07 1.09948e-07 1.0963e-06 5.98897e-05 8.85657e-07 1.91114e-07 2.72356e-07 1.11229e-07 2.17681e-07 1.99793e-07 1.26401e-07 0.458091 0.463154
0.465685 2.13327e-07 2.96905e-07 1.23987e-07 2.01666e-07 2.68833e-07 1.21997e-07 9.68708e-07 6.13382e-05 7.30877e-07 2.11612e-07 3.06802e-07 1.2375e-07 2.20735e-07 2.4761e-07 1.29933e-07 0.463154 0.468216
0.470747 2.39181e-07 3.32343e-07 1.39122e-07 2.27127e-07 3.06549e-07 1.37769e-07 1.02005e-06 5.52333e-05 7.5852e-07 2.36589e-07 3.42681e-07 1.39234e-07 2.50376e-07 2.86911e-07 1.48469e-07 0.468216 0.473278
0.475810 2.62255e-07 3.71307e-07 1.51744e-07 2.51874e-07 3.43554e-07 1.53555e-07 9.34734e-07 6.73397e-05 6.64164e-07 2.619e-07 3.8253e-07 1.54419e-07 2.63789e-07 3.22844e-07 1.58704e-07 0.473278 0.478341
0.480872 2.99808e-07 4.20929e-07 1.74937e-07 2.90529e-07 3.9854e-07 1.75771e-07 9.00919e-07 5.84661e-05 6.09126e-07 3.00513e-07 4.39848e-07 1.76469e-07 2.96766e-07 3.56267e-07 1.77663e-07 0.478341 0.483404
0.485935 3.38021e-07 4.77443e-07 1.96183e-07 3.29034e-07 4.47363e-07 1.99385e-07 9.20153e-07 5.38997e-05 5.95936e-07 3.37618e-07 4.9528e-07 1.99541e-07 3.3976e-07 4.11875e-07 2.01118e-07 0.483404 0.488466
0.490997 3.80331e-07 5.44042e-07 2.23119e-07 3.71217e-07 5.01638e-07 2.24734e-07 9.70676e-07 5.35922e-05 6.17173e-07 3.78362e-07 5.61166e-07 2.25052e-07 3.88834e-07 4.70094e-07 2.27676e-07 0.488466 0.493528
0.496060 4.28889e-07 6.20742e-07 2.50995e-07 4.19504e-07 5.70233e-07 2.52564e-07 1.03683e-06 4.74434e-05 6.60923e-07 4.26945e-07 6.38874e-07 2.52918e-07 4.37285e-07 5.42443e-07 2.55124e-07 0.493528 0.498591
0.501122 4.85319e-07 7.09415e-07 2.85264e-07 4.77061e-07 6.47271e-07 2.86907e-07 1.02026e-06 4.40659e-05 6.29382e-07 4.81189e-07 7.24849e-07 2.85778e-07 5.03157e-07 6.42763e-07 2.88749e-07 0.498591 0.503654
0.506185 5.50267e-07 8.10813e-07 3.2251e-07 5.41828e-07 7.48649e-07 3.24322e-07 1.09689e-06 3.53646e-05 6.71751e-07 5.47471e-07 8.31265e-07 3.27172e-07 5.62336e-07 7.2249e-07 3.25859e-07 0.503654 0.508716
0.511247 6.20571e-07 9.19804e-07 3.677e-07 6.11963e-07 8.58506e-07 3.6537e-07 1.17821e-06 3.42721e-05 7.24274e-07 6.14889e-07 9.38205e-07 3.67569e-07 6.45111e-07 8.40339e-07 3.7142e-07 0.508716 0.513778
0.516310 7.01439e-07 1.04395e-06 4.19615e-07 6.92993e-07 9.86473e-07 4.14011e-07 1.24854e-06 3.39078e-05 7.557e-07 6.94316e-07 1.06303e-06 4.17937e-07 7.32198e-07 9.61541e-07 4.22392e-07 0.513778 0.518841
0.521372 8.11939e-07 1.23595e-06 4.82628e-07 8.03787e-07 1.17254e-06 4.793e-07 1.34002e-06 2.87641e-05 7.77207e-07 8.02656e-07 1.25416e-06 4.79695e-07 8.52027e-07 1.15731e-06 4.88108e-07 0.518841 0.523903
0.526435 9.16906e-07 1.40331e-06 5.40947e-07 9.09167e-07 1.33878e-06 5.37656e-07 1.41828e-06 2.69547e-05 7.9713e-07 9.03625e-07 1.41957e-06 5.35815e-07 9.74261e-07 1.33308e-06 5.56966e-07 0.523903 0.528966
0.531497 1.03598e-06 1.59234e-06 6.06253e-07 1.02771e-06 1.52348e-06 6.06761e-07 1.57161e-06 3.39904e-05 8.77373e-07 1.01935e-06 1.60856e-06 5.99495e-07 1.1078e-06 1.52229e-06 6.32038e-07 0.528966 0.534029
0.536560 1.17628e-06 1.81197e-06 6.81982e-07 1.16841e-06 1.71873e-06 6.83097e-07 1.68651e-06 3.21586e-05 9.70879e-07 1.14846e-06 1.81561e-06 6.69422e-07 1.29646e-06 1.78623e-06 7.36942e-07 0.534029 0.539091
0.541622 1.34229e-06 2.07173e-06 7.71202e-07 1.33668e-06 1.95771e-06 7.73288e-07 1.70547e-06 2.94341e-05 9.54179e-07 1.30228e-06 2.04336e-06 7.52312e-07 1.51506e-06 2.10142e-06 8.59178e-07 0.539091 0.544153
0.546685 1.48011e-06 2.17219e-06 8.4332e-07 1.47648e-06 2.20092e-06 8.51836e-07 1.71476e-06 3.14812e-05 9.8945e-07 1.42907e-06 2.14562e-06 8.17732e-07 1.7005e-06 2.28692e-06 9.70254e-07 0.544153 0.549216
0.551747 1.66783e-06 2.48729e-06 9.49868e-07 1.6664e-06 2.52557e-06 9.56408e-07 1.76076e-06 4.65682e-05 1.00609e-06 1.59396e-06 2.43679e-06 9.08375e-07 1.98685e-06 2.70232e-06 1.12905e-06 0.549216 0.554278
0.556810 1.87484e-06 2.85057e-06 1.06651e-06 1.87611e-06 2.84663e-06 1.06879e-06 1.79261e-06 7.33535e-05 1.00563e-06 1.78202e-06 2.77221e-06 1.01464e-06 2.27567e-06 3.11779e-06 1.28082e-06 0.554278 0.559341
0.561872 2.10731e-06 3.1932e-06 1.19626e-06 2.11344e-06 3.18379e-06 1.1992e-06 1.70997e-06 8.55671e-05 9.3411e-07 1.99122e-06 3.09075e-06 1.13088e-06 2.60861e-06 3.56905e-06 1.44948e-06 0.559341 0.564404
0.566935 2.39204e-06 3.61494e-06 1.35238e-06 2.40263e-06 3.6555e-06 1.36764e-06 1.70609e-06 8.93553e-05 9.28455e-07 2.24921e-06 3.48626e-06 1.285e-06 3.00884e-06 4.14746e-06 1.65386e-06 0.564404 0.569466
0.571997 2.73136e-06 4.10489e-06 1.53411e-06 2.74761e-06 4.32062e-06 1.5787e-06 1.67905e-06 7.44251e-05 9.02707e-07 2.56699e-06 3.95126e-06 1.46601e-06 3.44116e-06 4.76833e-06 1.88187e-06 0.569466 0.574528
0.577060 3.08124e-06 4.603e-06 1.73277e-06 3.10452e-06 5.02589e-06 1.7724e-06 1.57289e-06 7.66809e-05 8.10398e-07 2.88873e-06 4.43661e-06 1.6558e-06 3.91255e-06 5.39725e-06 2.10338e-06 0.574528 0.579592
0.582123 3.42143e-06 5.15192e-06 1.91152e-06 3.45304e-06 5.73829e-06 1.94509e-06 1.37387e-06 4.51115e-05 6.65661e-07 3.21694e-06 5.00938e-06 1.82483e-06 4.3045e-06 5.92515e-06 2.31813e-06 0.579592 0.584654
0.587185 3.83182e-06 5.83198e-06 2.12261e-06 3.87396e-06 6.58623e-06 2.14289e-06 1.1018e-06 4.78813e-06 4.8175e-07 3.59085e-06 5.66405e-06 2.00337e-06 4.87239e-06 6.6062e-06 2.60577e-06 0.584654 0.589717
0.592248 4.28338e-06 6.6029e-06 2.36428e-06 4.33652e-06 7.10084e-06 2.38158e-06 8.41065e-07 3.83549e-06 3.52896e-07 4.02255e-06 6.43093e-06 2.22541e-06 5.40974e-06 7.32584e-06 2.93985e-06 0.589717 0.594779
0.597310 4.84423e-06 7.32358e-06 2.70752e-06 4.91111e-06 7.47954e-06 2.63226e-06 5.1152e-07 3.16827e-06 1.85928e-07 4.57389e-06 6.96508e-06 2.56463e-06 6.01163e-06 7.99899e-06 3.30622e-06 0.594779 0.599841
0.602373 5.40302e-06 7.74578e-06 2.96304e-06 5.48636e-06 7.93878e-06 2.87539e-06 4.48813e-09 7.25734e-07 2.37595e-09 5.10545e-06 7.30549e-06 2.82323e-06 6.68801e-06 8.51218e-06 3.63024e-06 0.599841 0.604904
0.607435 0 0 0 0 0 0 0 0 0 0 0 0 0 0 0 0.604904 0.609967
0.612498 0 0 0 0 0 0 0 0 0 0 0 0 0 0 0 0.609967 0.615029
0.617560 0 0 0 0 0 0 0 0 0 0 0 0 0 0 0 0.615029 0.620092
0.622623 0 0 0 0 0 0 0 0 0 0 0 0 0 0 0 0.620092 0.625154
0.627685 0 0 0 0 0 0 0 0 0 0 0 0 0 0 0 0.625154 0.630216
0.632748 0 0 0 0 0 0 0 0 0 0 0 0 0 0 0 0.630216 0.635279
0.637810 0 0 0 0 0 0 0 0 0 0 0 0 0 0 0 0.635279 0.640342
0.642873 0 0 0 0 0 0 0 0 0 0 0 0 0 0 0 0.640342 0.645404
0.647935 0 0 0 0 0 0 0 0 0 0 0 0 0 0 0 0.645404 0.650466
0.652998 0 0 0 0 0 0 0 0 0 0 0 0 0 0 0 0.650466 0.655529
0.658060 0 0 0 0 0 0 0 0 0 0 0 0 0 0 0 0.655529 0.660591
0.663123 0 0 0 0 0 0 0 0 0 0 0 0 0 0 0 0.660591 0.665654
0.668185 0 0 0 0 0 0 0 0 0 0 0 0 0 0 0 0.665654 0.670717
0.673248 0 0 0 0 0 0 0 0 0 0 0 0 0 0 0 0.670717 0.675779
0.678310 0 0 0 0 0 0 0 0 0 0 0 0 0 0 0 0.675779 0.680841
0.684006 0 0 0 0 0 0 0 0 0 0 0 0 0 0 0 0.680841 0.687170
0.690967 0 0 0 0 0 0 0 0 0 0 0 0 0 0 0 0.687170 0.694764
0.698560 0 0 0 0 0 0 0 0 0 0 0 0 0 0 0 0.694764 0.702357
0.706154 0 0 0 0 0 0 0 0 0 0 0 0 0 0 0 0.702357 0.709951
0.713748 0 0 0 0 0 0 0 0 0 0 0 0 0 0 0 0.709951 0.717545
0.721342 0 0 0 0 0 0 0 0 0 0 0 0 0 0 0 0.717545 0.725139
0.728935 0 0 0 0 0 0 0 0 0 0 0 0 0 0 0 0.725139 0.732732
0.736529 0 0 0 0 0 0 0 0 0 0 0 0 0 0 0 0.732732 0.740326
0.744123 0 0 0 0 0 0 0 0 0 0 0 0 0 0 0 0.740326 0.747920
0.751717 0 0 0 0 0 0 0 0 0 0 0 0 0 0 0 0.747920 0.755513
0.759310 0 0 0 0 0 0 0 0 0 0 0 0 0 0 0 0.755513 0.763107
0.766904 0 0 0 0 0 0 0 0 0 0 0 0 0 0 0 0.763107 0.770701
0.774498 0 0 0 0 0 0 0 0 0 0 0 0 0 0 0 0.770701 0.778295
0.782092 0 0 0 0 0 0 0 0 0 0 0 0 0 0 0 0.778295 0.785888
0.789685 0 0 0 0 0 0 0 0 0 0 0 0 0 0 0 0.785888 0.793482
0.797279 0 0 0 0 0 0 0 0 0 0 0 0 0 0 0 0.793482 0.801076
0.804873 0 0 0 0 0 0 0 0 0 0 0 0 0 0 0 0.801076 0.808670
0.812467 0 0 0 0 0 0 0 0 0 0 0 0 0 0 0 0.808670 0.816263
0.820060 0 0 0 0 0 0 0 0 0 0 0 0 0 0 0 0.816263 0.823857
0.827654 0 0 0 0 0 0 0 0 0 0 0 0 0 0 0 0.823857 0.831451
0.835248 0 0 0 0 0 0 0 0 0 0 0 0 0 0 0 0.831451 0.839045
0.842842 0 0 0 0 0 0 0 0 0 0 0 0 0 0 0 0.839045 0.846639
0.850435 0 0 0 0 0 0 0 0 0 0 0 0 0 0 0 0.846639 0.854232
0.858029 0 0 0 0 0 0 0 0 0 0 0 0 0 0 0 0.854232 0.861826
0.865623 0 0 0 0 0 0 0 0 0 0 0 0 0 0 0 0.861826 0.869420
0.873217 0 0 0 0 0 0 0 0 0 0 0 0 0 0 0 0.869420 0.877014
0.880810 0 0 0 0 0 0 0 0 0 0 0 0 0 0 0 0.877014 0.884607
0.888404 0 0 0 0 0 0 0 0 0 0 0 0 0 0 0 0.884607 0.892201
0.895998 0 0 0 0 0 0 0 0 0 0 0 0 0 0 0 0.892201 0.899795
0.903592 0 0 0 0 0 0 0 0 0 0 0 0 0 0 0 0.899795 0.907389
0.911185 0 0 0 0 0 0 0 0 0 0 0 0 0 0 0 0.907389 0.914982
0.918779 0 0 0 0 0 0 0 0 0 0 0 0 0 0 0 0.914982 0.922576
0.926373 0 0 0 0 0 0 0 0 0 0 0 0 0 0 0 0.922576 0.930170
0.933967 0 0 0 0 0 0 0 0 0 0 0 0 0 0 0 0.930170 0.937763
0.941560 0 0 0 0 0 0 0 0 0 0 0 0 0 0 0 0.937763 0.945357
0.949154 0 0 0 0 0 0 0 0 0 0 0 0 0 0 0 0.945357 0.952951
0.956748 0 0 0 0 0 0 0 0 0 0 0 0 0 0 0 0.952951 0.960545
0.964342 0 0 0 0 0 0 0 0 0 0 0 0 0 0 0 0.960545 0.968138
0.971935 0 0 0 0 0 0 0 0 0 0 0 0 0 0 0 0.968138 0.975732
0.979529 0 0 0 0 0 0 0 0 0 0 0 0 0 0 0 0.975732 0.983326
0.987123 0 0 0 0 0 0 0 0 0 0 0 0 0 0 0 0.983326 0.990920
0.994717 0 0 0 0 0 0 0 0 0 0 0 0 0 0 0 0.990920 0.998514
1.000412 0 0 0 0 0 0 0 0 0 0 0 0 0 0 0 0.998514 1.002310
