#Observed stellar mass range: 10.2 < log10(M*/Msun) < 10.4
#Quenched threshold: Obs. SFR / Obs. SM < 1e-11 / yr
#SFHs in units of observed Msun/yr.
#True SFHs rescaled by average systematic offset of -0.211649 dex to be consistent with average observed stellar mass in bin.
#See documentation for explanation of true vs. observed SFRs and SMs.
#Bestfit galaxies in bin: 45483
#Bestfit SF galaxies in bin: 31951
#Bestfit Q galaxies in bin: 13532
#Bestfit central galaxies in bin: 31610
#Bestfit satellite galaxies in bin: 13873
#Avg_scale_factor <SFH_all> Err+ Err- <SFH_SF> Err+ Err- <SFH_Q> Err+ Err- <SFH_Cen> Err+ Err- <SFH_Sat> Err+ Err- Scale_factor_begin Scale_factor_end
0.028936 5.11228e-05 -1.27948e-05 5.09658e-05 0 0 0 0.000171831 -4.96816e-05 0.000171435 5.51969e-05 -3.84195e-05 5.51969e-05 4.18399e-05 3.41267e-05 4.18014e-05 0.000000 0.057873
0.059561 0.00132907 0.000258933 0.00130862 6.90417e-05 4.42302e-05 6.7899e-05 0.00430419 0.000752573 0.00424734 0.00165334 -0.00068703 0.0016411 0.000590217 0.00156797 0.000561558 0.057873 0.061248
0.062373 0.00234603 0.000920586 0.00225821 0.000237822 0.000206668 0.000222541 0.0073238 0.00250241 0.00708349 0.00260218 -0.000196206 0.00253334 0.00176237 0.00289949 0.00163524 0.061248 0.063498
0.064623 0.00391124 0.0022106 0.00359122 0.000456417 0.000925466 0.000389189 0.0120686 0.00355346 0.0112816 0.00400954 0.000407849 0.00380553 0.00368728 0.00475732 0.00327342 0.063498 0.065748
0.066873 0.00573961 0.00453178 0.0051246 0.00103674 0.00160204 0.000875524 0.0168438 0.00936201 0.0151125 0.00541844 0.00226453 0.00493061 0.00647141 0.00628708 0.0056532 0.065748 0.067998
0.069123 0.00844067 0.00540169 0.00703976 0.0020732 0.00323386 0.00161346 0.0234752 0.0134917 0.0204086 0.00818508 0.00452101 0.00706544 0.00902302 0.00940319 0.00754847 0.067998 0.070248
0.071373 0.0130837 0.00757958 0.0106879 0.003784 0.00368352 0.0028735 0.0350415 0.0177158 0.0292133 0.0125205 0.00515457 0.0105984 0.0143667 0.0114975 0.0115514 0.070248 0.072498
0.073623 0.0219047 0.00819331 0.0170681 0.00704204 0.00552622 0.0052674 0.0569975 0.0161775 0.0454072 0.0201153 0.00673699 0.0156971 0.0259818 0.0122157 0.0199339 0.072498 0.074748
0.075873 0.0295891 0.011278 0.0210524 0.00920498 0.00839964 0.00678279 0.077719 0.0160133 0.0591048 0.0280529 0.00864658 0.0209419 0.0330895 0.0149778 0.0231355 0.074748 0.076998
0.078123 0.0398053 0.0144125 0.0272645 0.0132925 0.0114096 0.0094598 0.102406 0.0181575 0.0749351 0.0357078 0.014233 0.0242577 0.0491416 0.0130112 0.03477 0.076998 0.079248
0.080373 0.0451271 0.0187051 0.0286218 0.0170113 0.0139596 0.011444 0.111512 0.031181 0.0747115 0.0432209 0.016529 0.0268712 0.0494702 0.0217651 0.0329925 0.079248 0.081498
0.082904 0.0480406 0.0209029 0.0292732 0.0209257 0.0148337 0.0133641 0.112063 0.0311855 0.071164 0.0446737 0.0196246 0.0270871 0.0557121 0.0209949 0.0360484 0.081498 0.084311
0.085998 0.070097 0.0273668 0.0410801 0.0331046 0.0197751 0.0196468 0.157442 0.0400406 0.097202 0.0656866 0.0242459 0.0385041 0.0801462 0.0311063 0.0466328 0.084311 0.087685
0.089373 0.0892589 0.0307273 0.0484533 0.0434348 0.0237901 0.0231455 0.197456 0.0479265 0.112499 0.0812475 0.031885 0.0449925 0.107513 0.0392888 0.0571895 0.087685 0.091061
0.092748 0.109351 0.0343354 0.0536175 0.0537423 0.0252801 0.0254059 0.24065 0.0605221 0.129021 0.101989 0.0271851 0.051553 0.126124 0.0507008 0.0598567 0.091061 0.094435
0.096123 0.135327 0.0384035 0.0652005 0.0633022 0.0306999 0.0274633 0.305389 0.069331 0.158766 0.127619 0.0339616 0.0632315 0.152892 0.0534816 0.0694932 0.094435 0.097811
0.099498 0.159535 0.0510441 0.0735776 0.0747432 0.033062 0.0285388 0.35974 0.065141 0.184166 0.150124 0.0474576 0.0708423 0.180978 0.0603452 0.07756 0.097811 0.101186
0.102873 0.187657 0.0560943 0.0793358 0.087604 0.0357619 0.0303776 0.423897 0.0719653 0.208241 0.178705 0.0492952 0.0806833 0.208055 0.0639742 0.0789885 0.101186 0.104560
0.106248 0.213878 0.0591078 0.0843222 0.100047 0.0354245 0.0330071 0.482649 0.0869659 0.227494 0.203126 0.0518971 0.0833624 0.238375 0.0656392 0.0871473 0.104560 0.107936
0.109623 0.238246 0.062381 0.0850755 0.115456 0.0380743 0.0362603 0.528171 0.111562 0.230846 0.224103 0.0548107 0.0848503 0.270471 0.0910105 0.0926259 0.107936 0.111310
0.112998 0.270286 0.0675281 0.0937832 0.130451 0.0421868 0.0374792 0.600455 0.133047 0.262189 0.252061 0.0631556 0.0885686 0.311811 0.0785331 0.107388 0.111310 0.114686
0.116373 0.301187 0.0656036 0.101603 0.143509 0.0453455 0.0390414 0.673488 0.140668 0.282733 0.277011 0.0692721 0.0956406 0.356274 0.072245 0.124741 0.114686 0.118060
0.119748 0.337192 0.06913 0.109266 0.156309 0.0483045 0.0368989 0.764283 0.133643 0.325072 0.315867 0.0638213 0.110165 0.385781 0.082624 0.125675 0.118060 0.121435
0.123123 0.373367 0.074316 0.125954 0.170775 0.0517036 0.0381913 0.851715 0.1282 0.360133 0.347892 0.0633906 0.122812 0.431413 0.0917346 0.147108 0.121435 0.124811
0.126498 0.410297 0.0801854 0.142786 0.186971 0.053811 0.0403891 0.937601 0.152954 0.40038 0.379366 0.0688357 0.131105 0.480776 0.102461 0.172464 0.124811 0.128185
0.129873 0.456003 0.07234 0.15699 0.207347 0.0542178 0.0456914 1.04312 0.159101 0.443158 0.419724 0.0673449 0.144118 0.538667 0.0957978 0.194291 0.128185 0.131561
0.133248 0.501384 0.0789609 0.172453 0.223166 0.0602303 0.0460937 1.1583 0.154116 0.49358 0.459336 0.0795196 0.158469 0.597191 0.109262 0.209417 0.131561 0.134935
0.137045 0.546438 0.0922698 0.187031 0.244862 0.0669727 0.0506022 1.2585 0.163865 0.532959 0.499694 0.094548 0.169804 0.652947 0.108001 0.226301 0.134935 0.139154
0.141685 0.614288 0.104762 0.207633 0.276934 0.0704766 0.0558743 1.41083 0.177077 0.580923 0.55497 0.0880133 0.188727 0.749448 0.119158 0.25552 0.139154 0.144217
0.146748 0.67422 0.123506 0.226006 0.307214 0.0748803 0.0609842 1.54077 0.229256 0.616564 0.603446 0.109459 0.200139 0.83548 0.151848 0.279587 0.144217 0.149279
0.151810 0.745764 0.153701 0.249354 0.34124 0.0789667 0.0691844 1.7009 0.267152 0.683969 0.663108 0.125534 0.21785 0.934099 0.154909 0.314625 0.149279 0.154342
0.156873 0.823669 0.156828 0.273875 0.379705 0.0895153 0.0808989 1.87193 0.325494 0.764125 0.734371 0.12922 0.239764 1.02714 0.178277 0.354421 0.154342 0.159404
0.161935 0.889501 0.177501 0.293852 0.410133 0.10149 0.0857901 2.02136 0.36504 0.81781 0.789231 0.159535 0.255983 1.11797 0.193769 0.394592 0.159404 0.164467
0.166998 0.969276 0.195206 0.320627 0.446755 0.108418 0.0948253 2.20302 0.383344 0.888659 0.859876 0.188792 0.274401 1.21855 0.211852 0.444396 0.164467 0.169529
0.172060 1.04065 0.224008 0.344809 0.487937 0.110104 0.104719 2.3457 0.441928 0.937501 0.926566 0.200607 0.298934 1.30061 0.250339 0.466986 0.169529 0.174591
0.177123 1.11092 0.263695 0.357925 0.529598 0.125856 0.113405 2.48351 0.534437 0.96586 0.991555 0.226844 0.302679 1.3829 0.280902 0.493413 0.174591 0.179654
0.182185 1.18784 0.288862 0.390684 0.567221 0.134464 0.122175 2.65321 0.572499 1.01541 1.06292 0.248493 0.332834 1.47248 0.315418 0.524983 0.179654 0.184716
0.187248 1.27381 0.312912 0.418455 0.608319 0.139928 0.135329 2.84515 0.617104 1.09966 1.13412 0.261765 0.358532 1.59212 0.348394 0.57391 0.184716 0.189779
0.192310 1.35892 0.299296 0.45538 0.641561 0.151128 0.143421 3.0527 0.580214 1.21252 1.2158 0.266183 0.399291 1.68502 0.367833 0.62229 0.189779 0.194842
0.197373 1.43599 0.297996 0.480184 0.675659 0.166265 0.148158 3.23124 0.640724 1.26059 1.28252 0.286407 0.404846 1.78568 0.345761 0.66535 0.194842 0.199904
0.202435 1.54034 0.309945 0.524297 0.716434 0.172984 0.16515 3.48569 0.628854 1.38395 1.3804 0.31581 0.442618 1.90477 0.38758 0.71 0.199904 0.204967
0.207498 1.62761 0.3228 0.553029 0.758083 0.171393 0.179124 3.6807 0.722325 1.43457 1.45819 0.337212 0.466252 2.01365 0.369941 0.738507 0.204967 0.210029
0.212560 1.69431 0.360102 0.567333 0.799102 0.174327 0.190356 3.80804 0.80461 1.4819 1.51993 0.358538 0.481501 2.09165 0.387741 0.768418 0.210029 0.215091
0.217623 1.7799 0.387913 0.595247 0.841018 0.193446 0.206715 3.99674 0.867255 1.55325 1.59127 0.380279 0.507356 2.20971 0.501607 0.806982 0.215091 0.220154
0.222685 1.85927 0.420155 0.612005 0.888837 0.203129 0.229664 4.15061 0.979776 1.58218 1.6601 0.399501 0.532031 2.31308 0.57587 0.815592 0.220154 0.225217
0.227748 1.93276 0.447054 0.630656 0.939286 0.205526 0.253148 4.2785 1.05785 1.60349 1.71496 0.428637 0.548673 2.42903 0.619542 0.850829 0.225217 0.230279
0.232810 2.01891 0.45201 0.668999 0.98781 0.214596 0.267752 4.45349 1.06997 1.69716 1.78974 0.44702 0.586444 2.54108 0.643442 0.896717 0.230279 0.235342
0.237873 2.10314 0.458887 0.699551 1.03116 0.23914 0.284084 4.63422 1.00781 1.78539 1.87313 0.471704 0.626163 2.62721 0.644357 0.919405 0.235342 0.240404
0.242935 2.18013 0.480502 0.748859 1.08207 0.238552 0.306872 4.77283 1.03614 1.8306 1.94145 0.46445 0.652499 2.72398 0.648289 0.947549 0.240404 0.245467
0.247998 2.26467 0.497835 0.772819 1.12216 0.240779 0.320927 4.9623 1.05678 1.83862 2.01426 0.474491 0.667496 2.83524 0.686407 0.988374 0.245467 0.250529
0.253060 2.37852 0.529343 0.816025 1.17967 0.264786 0.342945 5.20915 1.07235 1.92028 2.11205 0.490378 0.708354 2.98567 0.709577 1.01325 0.250529 0.255592
0.258123 2.46727 0.533897 0.860031 1.22631 0.264154 0.360318 5.39735 1.08853 2.04071 2.19958 0.506434 0.749346 3.07721 0.758292 1.0428 0.255592 0.260654
0.263185 2.54466 0.566924 0.863892 1.28532 0.276843 0.379371 5.51815 1.18874 2.00295 2.26367 0.525435 0.74342 3.18492 0.781009 1.08056 0.260654 0.265716
0.268248 2.63413 0.598925 0.876271 1.34844 0.284373 0.401254 5.66982 1.24874 2.03151 2.33377 0.533389 0.767601 3.3185 0.804651 1.15348 0.265716 0.270779
0.273310 2.73088 0.633018 0.898806 1.40555 0.304113 0.411928 5.86016 1.2958 2.08766 2.41759 0.529047 0.782583 3.4447 0.864694 1.14891 0.270779 0.275842
0.278373 2.81597 0.656241 0.916815 1.46385 0.34379 0.419617 6.0085 1.34875 2.07429 2.48293 0.556783 0.783175 3.57481 0.904556 1.15547 0.275842 0.280904
0.283435 2.9351 0.690045 0.944058 1.5124 0.39223 0.420803 6.2943 1.27508 2.16299 2.57414 0.600068 0.803338 3.75754 0.938783 1.22211 0.280904 0.285967
0.288498 3.03207 0.705598 0.957779 1.57927 0.428446 0.426211 6.46232 1.32089 2.20433 2.65449 0.61455 0.827899 3.89239 0.91633 1.27535 0.285967 0.291029
0.293560 3.1289 0.764145 0.956459 1.64076 0.441914 0.432882 6.6426 1.42565 2.19893 2.75543 0.641481 0.826183 3.97984 0.943724 1.2238 0.291029 0.296091
0.298623 3.24698 0.761769 0.994105 1.72784 0.442431 0.457198 6.83388 1.43057 2.27713 2.87072 0.648562 0.86816 4.10428 0.930082 1.26598 0.296091 0.301154
0.303685 3.35635 0.76449 1.02379 1.81076 0.458206 0.474969 7.00572 1.44043 2.36645 2.96135 0.685255 0.892637 4.25637 0.913742 1.32335 0.301154 0.306217
0.308748 3.46471 0.800797 1.03777 1.90679 0.478239 0.491546 7.14318 1.50203 2.33873 3.04502 0.743056 0.891409 4.42098 0.928164 1.37068 0.306217 0.311279
0.313810 3.59007 0.871419 1.06838 2.00173 0.498066 0.504813 7.34036 1.63964 2.38953 3.16606 0.775244 0.927379 4.55618 0.941821 1.41255 0.311279 0.316341
0.318873 3.68395 0.912785 1.06807 2.0812 0.544367 0.502879 7.46827 1.60001 2.40456 3.26485 0.791929 0.935054 4.63887 1.01181 1.3435 0.316341 0.321404
0.323935 3.78706 0.954293 1.06681 2.17441 0.597356 0.517119 7.59474 1.82584 2.43738 3.36149 0.837954 0.931816 4.75673 1.06803 1.36761 0.321404 0.326466
0.328997 3.91405 1.01305 1.08878 2.28527 0.647085 0.531237 7.75983 1.94668 2.48422 3.48284 0.872129 0.953385 4.89657 1.16352 1.38232 0.326466 0.331528
0.334060 4.05851 1.01091 1.14626 2.40663 0.64758 0.543164 7.95885 1.94638 2.48961 3.61857 0.885835 1.00259 5.06093 1.24308 1.42422 0.331528 0.336591
0.339122 4.20782 1.03393 1.15871 2.5272 0.749381 0.551774 8.17601 1.8995 2.61599 3.76604 0.894807 1.02725 5.21441 1.26948 1.41411 0.336591 0.341653
0.344185 4.34214 1.04435 1.15098 2.65331 0.797898 0.565139 8.32972 1.84964 2.55157 3.90467 0.911417 1.03929 5.33892 1.35219 1.42124 0.341653 0.346716
0.349247 4.50884 1.05948 1.18405 2.80081 0.835884 0.6147 8.54175 1.86019 2.63296 4.07362 0.901628 1.08283 5.50051 1.38864 1.43556 0.346716 0.351779
0.354310 4.63013 1.12911 1.20241 2.93973 0.846792 0.639186 8.62142 1.89046 2.58408 4.18731 0.968281 1.09644 5.63912 1.4862 1.45418 0.351779 0.356841
0.359372 4.7782 1.22003 1.21591 3.10418 0.918313 0.669586 8.73083 1.91492 2.59463 4.34294 1.0294 1.12509 5.76998 1.48722 1.44462 0.356841 0.361903
0.364435 4.92314 1.27101 1.25297 3.2732 0.945413 0.718853 8.81888 1.83125 2.5779 4.48504 1.05745 1.15693 5.92134 1.47172 1.43831 0.361903 0.366966
0.369497 5.06852 1.33884 1.26673 3.45138 0.959692 0.761173 8.88683 1.91764 2.45391 4.63251 1.10479 1.17207 6.062 1.50939 1.38631 0.366966 0.372028
0.374560 5.20966 1.36082 1.29597 3.62087 1.00208 0.793175 8.96102 2.13318 2.38853 4.77141 1.13338 1.18649 6.2082 1.61706 1.41171 0.372028 0.377091
0.379622 5.38437 1.40041 1.28209 3.84457 1.05618 0.85918 9.02003 2.17366 2.35054 4.97072 1.1903 1.24275 6.32688 1.68507 1.38831 0.377091 0.382154
0.384685 5.53167 1.41548 1.30009 4.06658 1.08255 0.921558 8.99097 2.20252 2.29617 5.13515 1.24485 1.26344 6.43515 1.81775 1.41999 0.382154 0.387216
0.389747 5.67696 1.42218 1.32698 4.28087 1.13769 0.957513 8.97333 2.26054 2.25124 5.29794 1.29185 1.27534 6.54055 1.77999 1.32904 0.387216 0.392278
0.394810 5.82451 1.45928 1.35657 4.50313 1.15083 0.991943 8.94448 2.23807 2.17891 5.47329 1.32577 1.30927 6.62478 1.69075 1.39487 0.392278 0.397341
0.399872 5.96312 1.45049 1.29661 4.72784 1.2381 1.01046 8.87977 2.28602 2.07491 5.63472 1.39301 1.28113 6.71138 1.71349 1.35816 0.397341 0.402404
0.404935 6.12526 1.45232 1.31967 4.96468 1.28061 1.11083 8.86556 2.30415 2.0878 5.82521 1.39266 1.32036 6.80894 1.81789 1.39702 0.402404 0.407466
0.409997 6.27073 1.55901 1.33243 5.2037 1.3642 1.08639 8.79012 2.34758 2.05979 5.97579 1.3989 1.29573 6.94276 1.90639 1.42646 0.407466 0.412529
0.415060 6.41302 1.63508 1.35314 5.44904 1.39789 1.153 8.68912 2.60666 2.00648 6.12196 1.52123 1.30882 7.07621 1.89994 1.42853 0.412529 0.417591
0.420122 6.54308 1.71492 1.36328 5.68944 1.47513 1.20571 8.55866 2.61654 1.92458 6.26931 1.61981 1.3226 7.16689 1.94244 1.47214 0.417591 0.422653
0.425185 6.6795 1.78179 1.39879 5.93602 1.51098 1.2589 8.43496 2.62012 1.83242 6.42931 1.64481 1.35941 7.24957 1.945 1.52105 0.422653 0.427716
0.430247 6.82614 1.8489 1.43156 6.18717 1.54195 1.35568 8.33486 2.58139 1.80741 6.6015 1.75866 1.3944 7.33799 1.87809 1.56836 0.427716 0.432779
0.435310 6.94062 1.92234 1.45445 6.42036 1.57932 1.36032 8.16901 2.60456 1.73818 6.75519 1.8516 1.42046 7.36312 1.96501 1.54102 0.432779 0.437841
0.440372 7.04831 1.99075 1.48338 6.64694 1.72076 1.42831 7.996 2.65138 1.69685 6.90875 1.96199 1.44395 7.36631 1.99077 1.56816 0.437841 0.442903
0.445435 7.13864 2.06499 1.49817 6.86864 1.73956 1.47584 7.77615 2.76243 1.63521 7.04949 2.09992 1.49884 7.34177 2.01782 1.49482 0.442903 0.447966
0.450497 7.21771 2.15867 1.52481 7.07177 1.78151 1.55308 7.56228 2.7188 1.55264 7.15747 2.20687 1.53692 7.35496 2.04919 1.49572 0.447966 0.453029
0.455560 7.30835 2.25571 1.54711 7.28789 1.83415 1.61435 7.35666 2.85694 1.49873 7.28787 2.23767 1.57282 7.35502 2.07942 1.48757 0.453029 0.458091
0.460622 7.40832 2.36337 1.53835 7.50739 1.8907 1.68253 7.17439 2.72504 1.47445 7.4187 2.2791 1.58637 7.38466 2.13233 1.49207 0.458091 0.463154
0.465685 7.44602 2.47129 1.53514 7.68706 2.04263 1.68578 6.87688 2.75172 1.37641 7.50692 2.31924 1.60183 7.30725 2.17559 1.46868 0.463154 0.468216
0.470747 7.50911 2.58896 1.57023 7.86912 2.13104 1.72334 6.65907 2.60359 1.34906 7.61133 2.44274 1.57989 7.27619 2.16919 1.47864 0.468216 0.473278
0.475810 7.54163 2.57498 1.54107 8.04113 2.19341 1.73265 6.36225 2.54569 1.22729 7.70454 2.5778 1.59983 7.17045 2.17642 1.46926 0.473278 0.478341
0.480872 7.56635 2.55211 1.51262 8.19143 2.25306 1.80251 6.09043 2.52188 1.1649 7.77141 2.63711 1.60316 7.0991 2.13284 1.44593 0.478341 0.483404
0.485935 7.58627 2.51025 1.52303 8.33018 2.29468 1.81607 5.82977 2.5428 1.08517 7.8393 2.61936 1.5432 7.00972 2.20386 1.43281 0.483404 0.488466
0.490997 7.58506 2.44273 1.57617 8.4408 2.21623 1.86343 5.56455 2.54321 1.0191 7.88889 2.56461 1.59341 6.89279 2.11124 1.39946 0.488466 0.493528
0.496060 7.56246 2.42835 1.57193 8.52512 2.24458 1.8885 5.28947 2.47784 0.916796 7.8967 2.56295 1.61935 6.80086 2.07614 1.39169 0.493528 0.498591
0.501122 7.53914 2.43244 1.54609 8.59691 2.17849 1.92149 5.0416 2.42041 0.872578 7.9055 2.58045 1.59952 6.70438 2.01204 1.39934 0.498591 0.503654
0.506185 7.53455 2.4586 1.5574 8.69642 2.19792 1.95346 4.79123 2.33734 0.840363 7.94536 2.60737 1.64819 6.59853 2.02249 1.38437 0.503654 0.508716
0.511247 7.49085 2.28426 1.57487 8.75732 2.29747 1.98254 4.50051 2.29665 0.769646 7.95457 2.49341 1.74571 6.43424 2.05293 1.36234 0.508716 0.513778
0.516310 7.42623 2.23197 1.58119 8.79565 2.26006 2.0187 4.19283 2.24656 0.682459 7.93764 2.37439 1.74882 6.26097 1.97092 1.31951 0.513778 0.518841
0.521372 7.35571 2.22362 1.56952 8.83934 2.25897 2.07383 3.85264 2.13086 0.569877 7.91413 2.36214 1.75564 6.08334 1.90078 1.26932 0.518841 0.523903
0.526435 7.2755 2.11293 1.55022 8.8823 2.2319 2.10503 3.48162 1.99942 0.485963 7.88331 2.27877 1.76351 5.8906 1.87896 1.204 0.523903 0.528966
0.531497 7.17204 2.02422 1.53291 8.88746 2.19911 2.15724 3.12168 1.84491 0.406574 7.82149 2.19829 1.73352 5.69224 1.81457 1.16911 0.528966 0.534029
0.536560 7.05885 2.0158 1.51777 8.87363 2.25669 2.13195 2.77388 1.67495 0.348714 7.7398 2.15968 1.72888 5.50727 1.80808 1.14543 0.534029 0.539091
0.541622 6.96787 1.9006 1.53378 8.87686 2.21061 2.11857 2.46047 1.63369 0.313094 7.68356 2.07116 1.76702 5.33714 1.75549 1.10051 0.539091 0.544153
0.546685 6.83848 1.813 1.5429 8.83708 2.21008 2.10118 2.11949 1.56978 0.249772 7.58258 2.02892 1.79281 5.14303 1.68578 1.06092 0.544153 0.549216
0.551747 6.70306 1.75759 1.54887 8.76186 2.16435 2.0894 1.84195 1.36236 0.22815 7.46668 1.95623 1.74337 4.96314 1.56959 1.02824 0.549216 0.554278
0.556810 6.56242 1.73269 1.50534 8.68209 2.16265 2.0393 1.55755 1.29611 0.197122 7.34909 1.96194 1.70467 4.76996 1.50696 1.01169 0.554278 0.559341
0.561872 6.40964 1.63315 1.46079 8.57572 2.05464 2.01431 1.29521 1.12513 0.162135 7.2066 1.82603 1.70394 4.59374 1.40728 0.968633 0.559341 0.564404
0.566935 6.22818 1.58368 1.43003 8.4279 2.04279 1.95135 1.03433 0.915685 0.126111 7.03298 1.76567 1.65503 4.39443 1.32228 0.950847 0.564404 0.569466
0.571997 6.06499 1.50791 1.40417 8.27754 2.02816 1.91488 0.840848 0.816015 0.111392 6.88514 1.61441 1.62975 4.19625 1.21734 0.923908 0.569466 0.574528
0.577060 5.88162 1.45628 1.37068 8.10887 1.99866 1.8772 0.622785 0.685763 0.0794458 6.70395 1.64561 1.59297 4.00792 1.13068 0.880346 0.574528 0.579592
0.582123 5.67397 1.40697 1.30453 7.90035 2.0266 1.8388 0.417164 0.523913 0.0512454 6.50613 1.62316 1.55028 3.77786 1.03416 0.804029 0.579592 0.584654
0.587185 5.46152 1.43024 1.23915 7.68327 2.02631 1.79871 0.215656 0.32175 0.0269687 6.29386 1.53117 1.49111 3.56502 0.951193 0.752127 0.584654 0.589717
0.592248 5.24705 1.35632 1.19848 7.45005 2.0656 1.71166 0.0454571 0.0139438 0.0123123 6.0755 1.50809 1.42539 3.35941 0.892895 0.717448 0.589717 0.594779
0.597310 0 0 0 0 0 0 0 0 0 0 0 0 0 0 0 0.594779 0.599841
0.602373 0 0 0 0 0 0 0 0 0 0 0 0 0 0 0 0.599841 0.604904
0.607435 0 0 0 0 0 0 0 0 0 0 0 0 0 0 0 0.604904 0.609967
0.612498 0 0 0 0 0 0 0 0 0 0 0 0 0 0 0 0.609967 0.615029
0.617560 0 0 0 0 0 0 0 0 0 0 0 0 0 0 0 0.615029 0.620092
0.622623 0 0 0 0 0 0 0 0 0 0 0 0 0 0 0 0.620092 0.625154
0.627685 0 0 0 0 0 0 0 0 0 0 0 0 0 0 0 0.625154 0.630216
0.632748 0 0 0 0 0 0 0 0 0 0 0 0 0 0 0 0.630216 0.635279
0.637810 0 0 0 0 0 0 0 0 0 0 0 0 0 0 0 0.635279 0.640342
0.642873 0 0 0 0 0 0 0 0 0 0 0 0 0 0 0 0.640342 0.645404
0.647935 0 0 0 0 0 0 0 0 0 0 0 0 0 0 0 0.645404 0.650466
0.652998 0 0 0 0 0 0 0 0 0 0 0 0 0 0 0 0.650466 0.655529
0.658060 0 0 0 0 0 0 0 0 0 0 0 0 0 0 0 0.655529 0.660591
0.663123 0 0 0 0 0 0 0 0 0 0 0 0 0 0 0 0.660591 0.665654
0.668185 0 0 0 0 0 0 0 0 0 0 0 0 0 0 0 0.665654 0.670717
0.673248 0 0 0 0 0 0 0 0 0 0 0 0 0 0 0 0.670717 0.675779
0.678310 0 0 0 0 0 0 0 0 0 0 0 0 0 0 0 0.675779 0.680841
0.684006 0 0 0 0 0 0 0 0 0 0 0 0 0 0 0 0.680841 0.687170
0.690967 0 0 0 0 0 0 0 0 0 0 0 0 0 0 0 0.687170 0.694764
0.698560 0 0 0 0 0 0 0 0 0 0 0 0 0 0 0 0.694764 0.702357
0.706154 0 0 0 0 0 0 0 0 0 0 0 0 0 0 0 0.702357 0.709951
0.713748 0 0 0 0 0 0 0 0 0 0 0 0 0 0 0 0.709951 0.717545
0.721342 0 0 0 0 0 0 0 0 0 0 0 0 0 0 0 0.717545 0.725139
0.728935 0 0 0 0 0 0 0 0 0 0 0 0 0 0 0 0.725139 0.732732
0.736529 0 0 0 0 0 0 0 0 0 0 0 0 0 0 0 0.732732 0.740326
0.744123 0 0 0 0 0 0 0 0 0 0 0 0 0 0 0 0.740326 0.747920
0.751717 0 0 0 0 0 0 0 0 0 0 0 0 0 0 0 0.747920 0.755513
0.759310 0 0 0 0 0 0 0 0 0 0 0 0 0 0 0 0.755513 0.763107
0.766904 0 0 0 0 0 0 0 0 0 0 0 0 0 0 0 0.763107 0.770701
0.774498 0 0 0 0 0 0 0 0 0 0 0 0 0 0 0 0.770701 0.778295
0.782092 0 0 0 0 0 0 0 0 0 0 0 0 0 0 0 0.778295 0.785888
0.789685 0 0 0 0 0 0 0 0 0 0 0 0 0 0 0 0.785888 0.793482
0.797279 0 0 0 0 0 0 0 0 0 0 0 0 0 0 0 0.793482 0.801076
0.804873 0 0 0 0 0 0 0 0 0 0 0 0 0 0 0 0.801076 0.808670
0.812467 0 0 0 0 0 0 0 0 0 0 0 0 0 0 0 0.808670 0.816263
0.820060 0 0 0 0 0 0 0 0 0 0 0 0 0 0 0 0.816263 0.823857
0.827654 0 0 0 0 0 0 0 0 0 0 0 0 0 0 0 0.823857 0.831451
0.835248 0 0 0 0 0 0 0 0 0 0 0 0 0 0 0 0.831451 0.839045
0.842842 0 0 0 0 0 0 0 0 0 0 0 0 0 0 0 0.839045 0.846639
0.850435 0 0 0 0 0 0 0 0 0 0 0 0 0 0 0 0.846639 0.854232
0.858029 0 0 0 0 0 0 0 0 0 0 0 0 0 0 0 0.854232 0.861826
0.865623 0 0 0 0 0 0 0 0 0 0 0 0 0 0 0 0.861826 0.869420
0.873217 0 0 0 0 0 0 0 0 0 0 0 0 0 0 0 0.869420 0.877014
0.880810 0 0 0 0 0 0 0 0 0 0 0 0 0 0 0 0.877014 0.884607
0.888404 0 0 0 0 0 0 0 0 0 0 0 0 0 0 0 0.884607 0.892201
0.895998 0 0 0 0 0 0 0 0 0 0 0 0 0 0 0 0.892201 0.899795
0.903592 0 0 0 0 0 0 0 0 0 0 0 0 0 0 0 0.899795 0.907389
0.911185 0 0 0 0 0 0 0 0 0 0 0 0 0 0 0 0.907389 0.914982
0.918779 0 0 0 0 0 0 0 0 0 0 0 0 0 0 0 0.914982 0.922576
0.926373 0 0 0 0 0 0 0 0 0 0 0 0 0 0 0 0.922576 0.930170
0.933967 0 0 0 0 0 0 0 0 0 0 0 0 0 0 0 0.930170 0.937763
0.941560 0 0 0 0 0 0 0 0 0 0 0 0 0 0 0 0.937763 0.945357
0.949154 0 0 0 0 0 0 0 0 0 0 0 0 0 0 0 0.945357 0.952951
0.956748 0 0 0 0 0 0 0 0 0 0 0 0 0 0 0 0.952951 0.960545
0.964342 0 0 0 0 0 0 0 0 0 0 0 0 0 0 0 0.960545 0.968138
0.971935 0 0 0 0 0 0 0 0 0 0 0 0 0 0 0 0.968138 0.975732
0.979529 0 0 0 0 0 0 0 0 0 0 0 0 0 0 0 0.975732 0.983326
0.987123 0 0 0 0 0 0 0 0 0 0 0 0 0 0 0 0.983326 0.990920
0.994717 0 0 0 0 0 0 0 0 0 0 0 0 0 0 0 0.990920 0.998514
1.000412 0 0 0 0 0 0 0 0 0 0 0 0 0 0 0 0.998514 1.002310
