#Observed stellar mass range: 9.4 < log10(M*/Msun) < 9.6
#Quenched threshold: Obs. SFR / Obs. SM < 1e-11 / yr
#SFHs in units of observed Msun/yr.
#True SFHs rescaled by average systematic offset of -0.258161 dex to be consistent with average observed stellar mass in bin.
#See documentation for explanation of true vs. observed SFRs and SMs.
#Bestfit galaxies in bin: 16102
#Bestfit SF galaxies in bin: 14952
#Bestfit Q galaxies in bin: 1150
#Bestfit central galaxies in bin: 13411
#Bestfit satellite galaxies in bin: 2691
#Avg_scale_factor <SFH_all> Err+ Err- <SFH_SF> Err+ Err- <SFH_Q> Err+ Err- <SFH_Cen> Err+ Err- <SFH_Sat> Err+ Err- Scale_factor_begin Scale_factor_end
0.028936 0.000208735 -7.81321e-05 0.000208387 0.000128804 -7.49771e-06 0.000128676 0.00124798 -0.00110258 0.00124798 4.48211e-05 4.5416e-05 4.48211e-05 0.00102563 -0.000519792 0.00102563 0.000000 0.057873
0.059561 0.0026309 0.00338418 0.00254277 0.00181544 0.00383932 0.00174161 0.0132332 -0.00040277 0.0130738 0.00175816 0.00319953 0.00169629 0.00698031 0.0036574 0.00684701 0.057873 0.061248
0.062373 0.00839635 0.0122566 0.00800532 0.0068185 0.0129095 0.00647836 0.0289112 0.00450262 0.0278467 0.00607055 0.00811701 0.00574438 0.0199874 0.0277849 0.0193199 0.061248 0.063498
0.064623 0.016412 0.0150346 0.015233 0.0130026 0.0117306 0.0120889 0.0607401 0.0362263 0.0557664 0.0142304 0.00979145 0.0131601 0.0272842 0.0310993 0.0255929 0.063498 0.065748
0.066873 0.0274636 0.0187486 0.0236381 0.0238877 0.0152234 0.021113 0.0739571 0.0455711 0.0636312 0.0260739 0.0138287 0.0228468 0.0343898 0.0450497 0.0287623 0.065748 0.067998
0.069123 0.0407928 0.0218759 0.0344667 0.0367589 0.0211737 0.0315936 0.0932398 0.0696271 0.0792063 0.0375916 0.0197568 0.0320175 0.0567464 0.0504559 0.0484612 0.067998 0.070248
0.071373 0.0570797 0.0332004 0.0472575 0.0538338 0.0295259 0.0452269 0.0992817 0.10701 0.0795494 0.0532214 0.0328931 0.044229 0.0763081 0.0502908 0.0628346 0.070248 0.072498
0.073623 0.0836812 0.0444132 0.0637569 0.0791391 0.03882 0.063202 0.142737 0.145748 0.102709 0.0741113 0.0433243 0.0565568 0.131375 0.0628586 0.102839 0.072498 0.074748
0.075873 0.102339 0.0647148 0.0730395 0.0939144 0.0549181 0.0678356 0.21188 0.171136 0.154527 0.0906075 0.0546218 0.0639821 0.160807 0.103011 0.118673 0.074748 0.076998
0.078123 0.126313 0.079281 0.082279 0.113986 0.0684853 0.0757023 0.286597 0.174793 0.194097 0.112434 0.0735027 0.070679 0.195485 0.107592 0.133331 0.076998 0.079248
0.080373 0.148124 0.0867509 0.0882265 0.131642 0.0749646 0.083519 0.362411 0.194554 0.230713 0.139049 0.0753393 0.0850626 0.193348 0.138753 0.119927 0.079248 0.081498
0.082904 0.148896 0.0881976 0.0843572 0.132411 0.0859065 0.0775002 0.363224 0.172993 0.224716 0.140223 0.0792015 0.080951 0.192116 0.142792 0.101825 0.081498 0.084311
0.085998 0.209711 0.110894 0.113235 0.190343 0.0998253 0.106984 0.461523 0.208435 0.256412 0.194821 0.102834 0.103899 0.283917 0.150392 0.153056 0.084311 0.087685
0.089373 0.257512 0.134402 0.126237 0.233172 0.114982 0.116879 0.573976 0.223527 0.296805 0.242143 0.126127 0.117562 0.33411 0.188487 0.154533 0.087685 0.091061
0.092748 0.328153 0.141271 0.146698 0.295309 0.125412 0.133743 0.755187 0.231115 0.393943 0.305933 0.139614 0.139931 0.438889 0.183295 0.189024 0.091061 0.094435
0.096123 0.384194 0.163069 0.154614 0.347989 0.146499 0.151368 0.854925 0.308568 0.398836 0.36166 0.158222 0.152504 0.496496 0.217913 0.194968 0.094435 0.097811
0.099498 0.446425 0.192039 0.162973 0.409623 0.159593 0.165576 0.92492 0.326964 0.381347 0.416356 0.179201 0.157615 0.596281 0.241773 0.22748 0.097811 0.101186
0.102873 0.518341 0.209783 0.178938 0.481511 0.165053 0.176148 0.997203 0.441026 0.340332 0.481294 0.18525 0.161894 0.702969 0.27645 0.250385 0.101186 0.104560
0.106248 0.58876 0.220275 0.186348 0.543633 0.155627 0.18702 1.17548 0.40048 0.367889 0.543993 0.208867 0.174253 0.81186 0.254041 0.28356 0.104560 0.107936
0.109623 0.68036 0.235367 0.203309 0.623144 0.186538 0.194814 1.42427 0.388196 0.440773 0.625483 0.226444 0.178403 0.953847 0.279395 0.332272 0.107936 0.111310
0.112998 0.770714 0.255524 0.216293 0.701002 0.229297 0.204748 1.67709 0.509513 0.544156 0.705267 0.242673 0.189233 1.09688 0.340799 0.352383 0.111310 0.114686
0.116373 0.868093 0.279512 0.227199 0.789922 0.251719 0.219303 1.88445 0.580829 0.587435 0.794106 0.2514 0.204487 1.23682 0.421678 0.353978 0.114686 0.118060
0.119748 0.979077 0.298009 0.251848 0.896413 0.261653 0.24449 2.05385 0.604333 0.617453 0.902216 0.252441 0.231742 1.36212 0.501461 0.35712 0.118060 0.121435
0.123123 1.09668 0.310933 0.277895 1.00438 0.277042 0.26637 2.29673 0.610003 0.686472 0.998412 0.27876 0.240809 1.58643 0.476348 0.42574 0.121435 0.124811
0.126498 1.22003 0.329639 0.29657 1.11352 0.300266 0.28047 2.60485 0.568744 0.802252 1.10182 0.302073 0.26511 1.80917 0.543121 0.49172 0.124811 0.128185
0.129873 1.34946 0.355077 0.321373 1.23541 0.323369 0.309687 2.83232 0.68665 0.858287 1.22181 0.349535 0.286911 1.98562 0.515758 0.538685 0.128185 0.131561
0.133248 1.49293 0.389987 0.349681 1.36841 0.355517 0.321779 3.11181 0.742013 0.978775 1.35863 0.381902 0.31149 2.16222 0.562111 0.570367 0.131561 0.134935
0.137045 1.61751 0.426758 0.364536 1.49759 0.398286 0.338041 3.17678 0.793025 0.876269 1.47757 0.398389 0.322911 2.31496 0.61164 0.592359 0.134935 0.139154
0.141685 1.82905 0.506534 0.404259 1.70469 0.444212 0.379827 3.44591 0.951151 0.898922 1.67776 0.477803 0.350138 2.58297 0.699606 0.648097 0.139154 0.144217
0.146748 2.04674 0.57479 0.447129 1.92798 0.488776 0.443337 3.59086 1.17123 0.797657 1.88645 0.541847 0.383256 2.84555 0.870234 0.690258 0.144217 0.149279
0.151810 2.26299 0.629163 0.479956 2.15161 0.546313 0.491356 3.71111 1.31055 0.733613 2.11067 0.599613 0.430846 3.02208 0.94099 0.669815 0.149279 0.154342
0.156873 2.48201 0.705872 0.524182 2.36304 0.639862 0.531194 4.02886 1.40015 0.848855 2.34989 0.660061 0.493086 3.14045 1.01142 0.646337 0.154342 0.159404
0.161935 2.74767 0.786118 0.57617 2.62022 0.734579 0.574085 4.40482 1.57461 0.999128 2.61484 0.788582 0.544137 3.40969 1.08716 0.710037 0.159404 0.164467
0.166998 2.99406 0.876985 0.642463 2.85813 0.81665 0.622979 4.76134 1.52609 1.20383 2.87948 0.840312 0.607312 3.56506 1.17833 0.8043 0.164467 0.169529
0.172060 3.26842 0.940021 0.724281 3.13876 0.829701 0.712799 4.9542 1.4821 1.1822 3.18881 0.87542 0.711825 3.6652 1.22952 0.803494 0.169529 0.174591
0.177123 3.55558 0.983963 0.829463 3.4242 0.86251 0.81575 5.26371 1.75613 1.35789 3.4823 0.948589 0.819374 3.92078 1.31216 0.949562 0.174591 0.179654
0.182185 3.82405 1.04532 0.911457 3.69629 0.875398 0.912692 5.48505 1.94647 1.42352 3.80719 1.01648 0.928238 3.90804 1.2147 0.934444 0.179654 0.184716
0.187248 4.07669 1.11995 0.959922 3.94576 0.985495 0.973299 5.77903 2.27235 1.48856 4.11039 1.10674 0.987141 3.90878 1.20085 0.95201 0.184716 0.189779
0.192310 4.35126 1.17553 1.06187 4.23043 1.08903 1.06647 5.92234 2.26761 1.48559 4.44154 1.17292 1.0933 3.90137 1.1393 0.939835 0.189779 0.194842
0.197373 4.62025 1.1646 1.18061 4.52312 1.14286 1.16543 5.88312 1.94263 1.61431 4.76758 1.1801 1.21179 3.88604 1.04266 0.955189 0.194842 0.199904
0.202435 4.89809 1.24049 1.2644 4.89131 1.20435 1.25322 4.98624 1.80672 1.44295 5.12172 1.26814 1.35356 3.78359 1.11594 0.939775 0.199904 0.204967
0.207498 5.2234 1.31871 1.38489 5.32995 1.48701 1.3497 3.83809 1.11549 1.1552 5.50546 1.39597 1.46709 3.8177 1.09703 0.929154 0.204967 0.210029
0.212560 5.61913 1.52008 1.48957 5.87269 1.73018 1.52604 2.3224 1.00008 0.593794 6.00251 1.55901 1.61502 3.7085 1.11746 0.951938 0.210029 0.215091
0.217623 6.09729 1.65366 1.6294 6.48712 1.97908 1.64259 1.02885 0.799979 0.166394 6.61355 1.77374 1.78484 3.52443 1.13226 0.905817 0.215091 0.220154
0.222685 6.74658 1.85043 1.79258 7.26491 2.46244 1.73533 0.00742426 0.00323025 0.00196389 7.41843 2.01173 1.98649 3.39834 1.13901 0.832577 0.220154 0.225217
0.227748 0 0 0 0 0 0 0 0 0 0 0 0 0 0 0 0.225217 0.230279
0.232810 0 0 0 0 0 0 0 0 0 0 0 0 0 0 0 0.230279 0.235342
0.237873 0 0 0 0 0 0 0 0 0 0 0 0 0 0 0 0.235342 0.240404
0.242935 0 0 0 0 0 0 0 0 0 0 0 0 0 0 0 0.240404 0.245467
0.247998 0 0 0 0 0 0 0 0 0 0 0 0 0 0 0 0.245467 0.250529
0.253060 0 0 0 0 0 0 0 0 0 0 0 0 0 0 0 0.250529 0.255592
0.258123 0 0 0 0 0 0 0 0 0 0 0 0 0 0 0 0.255592 0.260654
0.263185 0 0 0 0 0 0 0 0 0 0 0 0 0 0 0 0.260654 0.265716
0.268248 0 0 0 0 0 0 0 0 0 0 0 0 0 0 0 0.265716 0.270779
0.273310 0 0 0 0 0 0 0 0 0 0 0 0 0 0 0 0.270779 0.275842
0.278373 0 0 0 0 0 0 0 0 0 0 0 0 0 0 0 0.275842 0.280904
0.283435 0 0 0 0 0 0 0 0 0 0 0 0 0 0 0 0.280904 0.285967
0.288498 0 0 0 0 0 0 0 0 0 0 0 0 0 0 0 0.285967 0.291029
0.293560 0 0 0 0 0 0 0 0 0 0 0 0 0 0 0 0.291029 0.296091
0.298623 0 0 0 0 0 0 0 0 0 0 0 0 0 0 0 0.296091 0.301154
0.303685 0 0 0 0 0 0 0 0 0 0 0 0 0 0 0 0.301154 0.306217
0.308748 0 0 0 0 0 0 0 0 0 0 0 0 0 0 0 0.306217 0.311279
0.313810 0 0 0 0 0 0 0 0 0 0 0 0 0 0 0 0.311279 0.316341
0.318873 0 0 0 0 0 0 0 0 0 0 0 0 0 0 0 0.316341 0.321404
0.323935 0 0 0 0 0 0 0 0 0 0 0 0 0 0 0 0.321404 0.326466
0.328997 0 0 0 0 0 0 0 0 0 0 0 0 0 0 0 0.326466 0.331528
0.334060 0 0 0 0 0 0 0 0 0 0 0 0 0 0 0 0.331528 0.336591
0.339122 0 0 0 0 0 0 0 0 0 0 0 0 0 0 0 0.336591 0.341653
0.344185 0 0 0 0 0 0 0 0 0 0 0 0 0 0 0 0.341653 0.346716
0.349247 0 0 0 0 0 0 0 0 0 0 0 0 0 0 0 0.346716 0.351779
0.354310 0 0 0 0 0 0 0 0 0 0 0 0 0 0 0 0.351779 0.356841
0.359372 0 0 0 0 0 0 0 0 0 0 0 0 0 0 0 0.356841 0.361903
0.364435 0 0 0 0 0 0 0 0 0 0 0 0 0 0 0 0.361903 0.366966
0.369497 0 0 0 0 0 0 0 0 0 0 0 0 0 0 0 0.366966 0.372028
0.374560 0 0 0 0 0 0 0 0 0 0 0 0 0 0 0 0.372028 0.377091
0.379622 0 0 0 0 0 0 0 0 0 0 0 0 0 0 0 0.377091 0.382154
0.384685 0 0 0 0 0 0 0 0 0 0 0 0 0 0 0 0.382154 0.387216
0.389747 0 0 0 0 0 0 0 0 0 0 0 0 0 0 0 0.387216 0.392278
0.394810 0 0 0 0 0 0 0 0 0 0 0 0 0 0 0 0.392278 0.397341
0.399872 0 0 0 0 0 0 0 0 0 0 0 0 0 0 0 0.397341 0.402404
0.404935 0 0 0 0 0 0 0 0 0 0 0 0 0 0 0 0.402404 0.407466
0.409997 0 0 0 0 0 0 0 0 0 0 0 0 0 0 0 0.407466 0.412529
0.415060 0 0 0 0 0 0 0 0 0 0 0 0 0 0 0 0.412529 0.417591
0.420122 0 0 0 0 0 0 0 0 0 0 0 0 0 0 0 0.417591 0.422653
0.425185 0 0 0 0 0 0 0 0 0 0 0 0 0 0 0 0.422653 0.427716
0.430247 0 0 0 0 0 0 0 0 0 0 0 0 0 0 0 0.427716 0.432779
0.435310 0 0 0 0 0 0 0 0 0 0 0 0 0 0 0 0.432779 0.437841
0.440372 0 0 0 0 0 0 0 0 0 0 0 0 0 0 0 0.437841 0.442903
0.445435 0 0 0 0 0 0 0 0 0 0 0 0 0 0 0 0.442903 0.447966
0.450497 0 0 0 0 0 0 0 0 0 0 0 0 0 0 0 0.447966 0.453029
0.455560 0 0 0 0 0 0 0 0 0 0 0 0 0 0 0 0.453029 0.458091
0.460622 0 0 0 0 0 0 0 0 0 0 0 0 0 0 0 0.458091 0.463154
0.465685 0 0 0 0 0 0 0 0 0 0 0 0 0 0 0 0.463154 0.468216
0.470747 0 0 0 0 0 0 0 0 0 0 0 0 0 0 0 0.468216 0.473278
0.475810 0 0 0 0 0 0 0 0 0 0 0 0 0 0 0 0.473278 0.478341
0.480872 0 0 0 0 0 0 0 0 0 0 0 0 0 0 0 0.478341 0.483404
0.485935 0 0 0 0 0 0 0 0 0 0 0 0 0 0 0 0.483404 0.488466
0.490997 0 0 0 0 0 0 0 0 0 0 0 0 0 0 0 0.488466 0.493528
0.496060 0 0 0 0 0 0 0 0 0 0 0 0 0 0 0 0.493528 0.498591
0.501122 0 0 0 0 0 0 0 0 0 0 0 0 0 0 0 0.498591 0.503654
0.506185 0 0 0 0 0 0 0 0 0 0 0 0 0 0 0 0.503654 0.508716
0.511247 0 0 0 0 0 0 0 0 0 0 0 0 0 0 0 0.508716 0.513778
0.516310 0 0 0 0 0 0 0 0 0 0 0 0 0 0 0 0.513778 0.518841
0.521372 0 0 0 0 0 0 0 0 0 0 0 0 0 0 0 0.518841 0.523903
0.526435 0 0 0 0 0 0 0 0 0 0 0 0 0 0 0 0.523903 0.528966
0.531497 0 0 0 0 0 0 0 0 0 0 0 0 0 0 0 0.528966 0.534029
0.536560 0 0 0 0 0 0 0 0 0 0 0 0 0 0 0 0.534029 0.539091
0.541622 0 0 0 0 0 0 0 0 0 0 0 0 0 0 0 0.539091 0.544153
0.546685 0 0 0 0 0 0 0 0 0 0 0 0 0 0 0 0.544153 0.549216
0.551747 0 0 0 0 0 0 0 0 0 0 0 0 0 0 0 0.549216 0.554278
0.556810 0 0 0 0 0 0 0 0 0 0 0 0 0 0 0 0.554278 0.559341
0.561872 0 0 0 0 0 0 0 0 0 0 0 0 0 0 0 0.559341 0.564404
0.566935 0 0 0 0 0 0 0 0 0 0 0 0 0 0 0 0.564404 0.569466
0.571997 0 0 0 0 0 0 0 0 0 0 0 0 0 0 0 0.569466 0.574528
0.577060 0 0 0 0 0 0 0 0 0 0 0 0 0 0 0 0.574528 0.579592
0.582123 0 0 0 0 0 0 0 0 0 0 0 0 0 0 0 0.579592 0.584654
0.587185 0 0 0 0 0 0 0 0 0 0 0 0 0 0 0 0.584654 0.589717
0.592248 0 0 0 0 0 0 0 0 0 0 0 0 0 0 0 0.589717 0.594779
0.597310 0 0 0 0 0 0 0 0 0 0 0 0 0 0 0 0.594779 0.599841
0.602373 0 0 0 0 0 0 0 0 0 0 0 0 0 0 0 0.599841 0.604904
0.607435 0 0 0 0 0 0 0 0 0 0 0 0 0 0 0 0.604904 0.609967
0.612498 0 0 0 0 0 0 0 0 0 0 0 0 0 0 0 0.609967 0.615029
0.617560 0 0 0 0 0 0 0 0 0 0 0 0 0 0 0 0.615029 0.620092
0.622623 0 0 0 0 0 0 0 0 0 0 0 0 0 0 0 0.620092 0.625154
0.627685 0 0 0 0 0 0 0 0 0 0 0 0 0 0 0 0.625154 0.630216
0.632748 0 0 0 0 0 0 0 0 0 0 0 0 0 0 0 0.630216 0.635279
0.637810 0 0 0 0 0 0 0 0 0 0 0 0 0 0 0 0.635279 0.640342
0.642873 0 0 0 0 0 0 0 0 0 0 0 0 0 0 0 0.640342 0.645404
0.647935 0 0 0 0 0 0 0 0 0 0 0 0 0 0 0 0.645404 0.650466
0.652998 0 0 0 0 0 0 0 0 0 0 0 0 0 0 0 0.650466 0.655529
0.658060 0 0 0 0 0 0 0 0 0 0 0 0 0 0 0 0.655529 0.660591
0.663123 0 0 0 0 0 0 0 0 0 0 0 0 0 0 0 0.660591 0.665654
0.668185 0 0 0 0 0 0 0 0 0 0 0 0 0 0 0 0.665654 0.670717
0.673248 0 0 0 0 0 0 0 0 0 0 0 0 0 0 0 0.670717 0.675779
0.678310 0 0 0 0 0 0 0 0 0 0 0 0 0 0 0 0.675779 0.680841
0.684006 0 0 0 0 0 0 0 0 0 0 0 0 0 0 0 0.680841 0.687170
0.690967 0 0 0 0 0 0 0 0 0 0 0 0 0 0 0 0.687170 0.694764
0.698560 0 0 0 0 0 0 0 0 0 0 0 0 0 0 0 0.694764 0.702357
0.706154 0 0 0 0 0 0 0 0 0 0 0 0 0 0 0 0.702357 0.709951
0.713748 0 0 0 0 0 0 0 0 0 0 0 0 0 0 0 0.709951 0.717545
0.721342 0 0 0 0 0 0 0 0 0 0 0 0 0 0 0 0.717545 0.725139
0.728935 0 0 0 0 0 0 0 0 0 0 0 0 0 0 0 0.725139 0.732732
0.736529 0 0 0 0 0 0 0 0 0 0 0 0 0 0 0 0.732732 0.740326
0.744123 0 0 0 0 0 0 0 0 0 0 0 0 0 0 0 0.740326 0.747920
0.751717 0 0 0 0 0 0 0 0 0 0 0 0 0 0 0 0.747920 0.755513
0.759310 0 0 0 0 0 0 0 0 0 0 0 0 0 0 0 0.755513 0.763107
0.766904 0 0 0 0 0 0 0 0 0 0 0 0 0 0 0 0.763107 0.770701
0.774498 0 0 0 0 0 0 0 0 0 0 0 0 0 0 0 0.770701 0.778295
0.782092 0 0 0 0 0 0 0 0 0 0 0 0 0 0 0 0.778295 0.785888
0.789685 0 0 0 0 0 0 0 0 0 0 0 0 0 0 0 0.785888 0.793482
0.797279 0 0 0 0 0 0 0 0 0 0 0 0 0 0 0 0.793482 0.801076
0.804873 0 0 0 0 0 0 0 0 0 0 0 0 0 0 0 0.801076 0.808670
0.812467 0 0 0 0 0 0 0 0 0 0 0 0 0 0 0 0.808670 0.816263
0.820060 0 0 0 0 0 0 0 0 0 0 0 0 0 0 0 0.816263 0.823857
0.827654 0 0 0 0 0 0 0 0 0 0 0 0 0 0 0 0.823857 0.831451
0.835248 0 0 0 0 0 0 0 0 0 0 0 0 0 0 0 0.831451 0.839045
0.842842 0 0 0 0 0 0 0 0 0 0 0 0 0 0 0 0.839045 0.846639
0.850435 0 0 0 0 0 0 0 0 0 0 0 0 0 0 0 0.846639 0.854232
0.858029 0 0 0 0 0 0 0 0 0 0 0 0 0 0 0 0.854232 0.861826
0.865623 0 0 0 0 0 0 0 0 0 0 0 0 0 0 0 0.861826 0.869420
0.873217 0 0 0 0 0 0 0 0 0 0 0 0 0 0 0 0.869420 0.877014
0.880810 0 0 0 0 0 0 0 0 0 0 0 0 0 0 0 0.877014 0.884607
0.888404 0 0 0 0 0 0 0 0 0 0 0 0 0 0 0 0.884607 0.892201
0.895998 0 0 0 0 0 0 0 0 0 0 0 0 0 0 0 0.892201 0.899795
0.903592 0 0 0 0 0 0 0 0 0 0 0 0 0 0 0 0.899795 0.907389
0.911185 0 0 0 0 0 0 0 0 0 0 0 0 0 0 0 0.907389 0.914982
0.918779 0 0 0 0 0 0 0 0 0 0 0 0 0 0 0 0.914982 0.922576
0.926373 0 0 0 0 0 0 0 0 0 0 0 0 0 0 0 0.922576 0.930170
0.933967 0 0 0 0 0 0 0 0 0 0 0 0 0 0 0 0.930170 0.937763
0.941560 0 0 0 0 0 0 0 0 0 0 0 0 0 0 0 0.937763 0.945357
0.949154 0 0 0 0 0 0 0 0 0 0 0 0 0 0 0 0.945357 0.952951
0.956748 0 0 0 0 0 0 0 0 0 0 0 0 0 0 0 0.952951 0.960545
0.964342 0 0 0 0 0 0 0 0 0 0 0 0 0 0 0 0.960545 0.968138
0.971935 0 0 0 0 0 0 0 0 0 0 0 0 0 0 0 0.968138 0.975732
0.979529 0 0 0 0 0 0 0 0 0 0 0 0 0 0 0 0.975732 0.983326
0.987123 0 0 0 0 0 0 0 0 0 0 0 0 0 0 0 0.983326 0.990920
0.994717 0 0 0 0 0 0 0 0 0 0 0 0 0 0 0 0.990920 0.998514
1.000412 0 0 0 0 0 0 0 0 0 0 0 0 0 0 0 0.998514 1.002310
