#Observed stellar mass range: 8.2 < log10(M*/Msun) < 8.4
#Quenched threshold: Obs. SFR / Obs. SM < 1e-11 / yr
#SFHs in units of observed Msun/yr.
#True SFHs rescaled by average systematic offset of -0.2091 dex to be consistent with average observed stellar mass in bin.
#See documentation for explanation of true vs. observed SFRs and SMs.
#Bestfit galaxies in bin: 249019
#Bestfit SF galaxies in bin: 245970
#Bestfit Q galaxies in bin: 3049
#Bestfit central galaxies in bin: 156131
#Bestfit satellite galaxies in bin: 92888
#Avg_scale_factor <SFH_all> Err+ Err- <SFH_SF> Err+ Err- <SFH_Q> Err+ Err- <SFH_Cen> Err+ Err- <SFH_Sat> Err+ Err- Scale_factor_begin Scale_factor_end
0.028936 0 9.91489e-10 0 0 1.17661e-10 0 0 0 0 0 0 0 0 2.49701e-09 0 0.000000 0.057873
0.059561 0 1.94735e-07 0 0 1.56771e-07 0 0 0 0 0 0 0 0 5.04578e-07 0 0.057873 0.061248
0.062373 0 9.7374e-07 0 0 6.37888e-07 0 0 1.61824e-08 0 0 0 0 0 2.38891e-06 0 0.061248 0.063498
0.064623 4.83444e-07 1.54653e-06 4.83312e-07 4.89436e-07 9.62059e-07 4.89436e-07 0 1.63454e-05 0 7.71062e-07 6.99329e-07 7.71062e-07 0 2.31103e-06 0 0.063498 0.065748
0.066873 5.44037e-07 2.83334e-06 5.04031e-07 5.50781e-07 1.88723e-06 5.38971e-07 0 1.86991e-05 0 7.21545e-07 5.25015e-07 7.21545e-07 2.45673e-07 5.71158e-06 1.62122e-07 0.065748 0.067998
0.069123 2.00854e-06 4.26307e-06 1.74825e-06 2.03344e-06 2.14802e-06 1.83359e-06 0 6.43512e-05 0 2.24589e-06 1.55805e-06 2.20599e-06 1.60958e-06 8.26323e-06 1.14836e-06 0.067998 0.070248
0.071373 6.14831e-06 8.27491e-06 4.99184e-06 5.83638e-06 4.89355e-06 4.97446e-06 3.1312e-05 0.000114308 2.85017e-05 4.38289e-06 2.5028e-06 4.14103e-06 9.11571e-06 2.13387e-05 7.14647e-06 0.070248 0.072498
0.073623 1.35879e-05 1.76691e-05 1.04174e-05 1.32638e-05 1.09304e-05 1.06545e-05 3.97405e-05 0.000230658 3.3838e-05 5.60297e-06 1.04416e-05 3.81148e-06 2.70095e-05 3.8807e-05 2.20009e-05 0.072498 0.074748
0.075873 3.44984e-05 3.06398e-05 2.74624e-05 3.36788e-05 1.86487e-05 2.798e-05 0.000100616 0.00043434 7.17476e-05 2.04633e-05 7.17763e-06 1.73667e-05 5.80892e-05 6.03544e-05 4.51886e-05 0.074748 0.076998
0.078123 7.49014e-05 5.24692e-05 5.90281e-05 6.94584e-05 4.12692e-05 5.55562e-05 0.000514002 0.000356493 0.000445976 4.01501e-05 2.54005e-05 3.3052e-05 0.000133313 9.86784e-05 0.000101446 0.076998 0.079248
0.080373 0.000122033 9.51956e-05 8.66184e-05 0.000114868 7.05374e-05 8.29651e-05 0.000700047 0.000490734 0.000580626 7.33679e-05 4.3749e-05 5.42798e-05 0.000203832 0.000205423 0.000137939 0.079248 0.081498
0.082904 0.00017844 0.000157359 0.000117385 0.000166473 0.000112281 0.000115847 0.00114383 0.00063002 0.000914638 0.000100632 7.99823e-05 6.8241e-05 0.000309223 0.000267556 0.000211552 0.081498 0.084311
0.085998 0.000364959 0.000301551 0.000238191 0.000348968 0.000218492 0.000234508 0.00165499 0.00102342 0.00123479 0.000220159 0.000172309 0.000145787 0.000608345 0.000535206 0.000387934 0.084311 0.087685
0.089373 0.000696097 0.000454907 0.000443051 0.000672214 0.000397629 0.000432629 0.00262277 0.00111127 0.00185629 0.000425886 0.000305754 0.00025732 0.00115028 0.000819938 0.000708842 0.087685 0.091061
0.092748 0.00112304 0.000763662 0.000638896 0.00108369 0.00062529 0.0006287 0.00429687 0.00160056 0.00283341 0.000740819 0.000457492 0.000412624 0.00176548 0.00127121 0.000999899 0.091061 0.094435
0.096123 0.00167421 0.00100725 0.000872018 0.00162039 0.000802853 0.000871599 0.00601631 0.00201688 0.00379715 0.00114591 0.000630957 0.000589081 0.00256221 0.0015382 0.00133958 0.094435 0.097811
0.099498 0.00238381 0.00137299 0.00114856 0.00231462 0.00110997 0.00115002 0.00796577 0.00267527 0.00476645 0.00164516 0.00100215 0.000767266 0.00362537 0.00189427 0.00174783 0.097811 0.101186
0.102873 0.00309676 0.00165365 0.00135097 0.00301117 0.00152496 0.00130423 0.0100021 0.00208489 0.00583128 0.00222198 0.00132731 0.000944815 0.00456714 0.00241869 0.0019351 0.101186 0.104560
0.106248 0.00400236 0.00218244 0.00160693 0.00389419 0.00191335 0.00159794 0.012729 0.00156715 0.00741662 0.00292459 0.00167161 0.00112676 0.00581393 0.00287016 0.00236028 0.104560 0.107936
0.109623 0.00487692 0.00246799 0.00183198 0.00476723 0.00228192 0.00177692 0.0137261 0.0025383 0.00713004 0.00370669 0.00201883 0.00133799 0.00684391 0.00310094 0.00259955 0.107936 0.111310
0.112998 0.00567291 0.00261102 0.00192251 0.00555543 0.00244422 0.00198427 0.0151506 0.0033204 0.00720425 0.00439196 0.00226309 0.00144397 0.00782601 0.00340721 0.00277639 0.111310 0.114686
0.116373 0.0063865 0.00288727 0.00202061 0.00625106 0.00252018 0.0021345 0.0173134 0.00337373 0.00804172 0.00497767 0.00233286 0.0015127 0.00875455 0.00380004 0.00295829 0.114686 0.118060
0.119748 0.00691089 0.00292586 0.00205842 0.00678326 0.00254168 0.00209288 0.0172075 0.00353962 0.00742086 0.00541668 0.0025629 0.00153334 0.00942245 0.00378973 0.00296029 0.118060 0.121435
0.123123 0.00763717 0.00302062 0.00215788 0.0074971 0.0027524 0.00221984 0.018937 0.00412191 0.0081982 0.00602088 0.00272282 0.00162414 0.0103539 0.00377945 0.0032006 0.121435 0.124811
0.126498 0.00851453 0.0031155 0.00238332 0.00835745 0.00282518 0.0024444 0.0211865 0.00432585 0.00899163 0.00672271 0.00279064 0.00184201 0.0115263 0.00414583 0.00351257 0.124811 0.128185
0.129873 0.0094376 0.00341225 0.00249541 0.00927858 0.00281207 0.00263804 0.0222654 0.00524176 0.00900958 0.00758641 0.00307366 0.0020178 0.0125492 0.00413752 0.0036063 0.128185 0.131561
0.133248 0.01039 0.0035948 0.00269947 0.0102167 0.0031405 0.00287695 0.0243664 0.00607493 0.00970541 0.00842248 0.00299906 0.00211902 0.013697 0.0048002 0.00376499 0.131561 0.134935
0.137045 0.0114241 0.00381997 0.00291443 0.0112417 0.00347479 0.00299692 0.0261375 0.00621548 0.01018 0.00928156 0.00328981 0.00228342 0.0150253 0.00504543 0.00412581 0.134935 0.139154
0.141685 0.0129076 0.00426538 0.00327059 0.01271 0.00415897 0.00345886 0.0288497 0.00720961 0.0106404 0.0105818 0.00386886 0.00266961 0.016817 0.00554159 0.00463378 0.139154 0.144217
0.146748 0.0142248 0.005045 0.00356103 0.0140254 0.00481892 0.00371904 0.0303141 0.00798023 0.0102218 0.0117274 0.00431169 0.0028229 0.0184226 0.0058155 0.00479158 0.144217 0.149279
0.151810 0.0155484 0.00567461 0.00387078 0.0153553 0.0048749 0.00388811 0.0311281 0.00851431 0.00977139 0.0129999 0.00497479 0.00318016 0.019832 0.00607562 0.00486677 0.149279 0.154342
0.156873 0.0167848 0.00584096 0.00398958 0.0165837 0.00515626 0.00400977 0.0330082 0.00965868 0.0103946 0.0141002 0.00554999 0.00325291 0.0212973 0.00669905 0.00534252 0.154342 0.159404
0.161935 0.0177303 0.00595682 0.00403369 0.0175033 0.00533831 0.0042115 0.0360366 0.00909423 0.0115499 0.0148949 0.0059392 0.00330333 0.022496 0.00771115 0.00522215 0.159404 0.164467
0.166998 0.0186713 0.00632148 0.00403719 0.0184229 0.00565761 0.0042362 0.0387123 0.00927523 0.013522 0.0156631 0.00558459 0.00335855 0.0237277 0.0077231 0.00556356 0.164467 0.169529
0.172060 0.0194099 0.00632188 0.00408188 0.0191421 0.00617716 0.00417564 0.0410139 0.00880481 0.0148659 0.0163541 0.00588114 0.0033574 0.0245462 0.00785078 0.00561406 0.169529 0.174591
0.177123 0.0202551 0.00709149 0.00445433 0.0199736 0.00666894 0.00445336 0.0429648 0.00982424 0.0158174 0.0170846 0.00621652 0.00344056 0.0255844 0.00842295 0.00575952 0.174591 0.179654
0.182185 0.0211302 0.00738533 0.00447453 0.020824 0.00674337 0.00471646 0.0458356 0.0101909 0.0178647 0.0178567 0.00635839 0.00358033 0.0266325 0.0088981 0.00608632 0.179654 0.184716
0.187248 0.0217627 0.00728057 0.00431062 0.0214585 0.00663173 0.00486103 0.046304 0.0112433 0.0172435 0.0183839 0.00637313 0.00364981 0.027442 0.00857542 0.00624898 0.184716 0.189779
0.192310 0.0225336 0.00747697 0.00437625 0.0222362 0.00664897 0.00484352 0.0465205 0.0127186 0.0167336 0.0190438 0.00650133 0.00379251 0.0283995 0.00920285 0.00645812 0.189779 0.194842
0.197373 0.023181 0.00774635 0.00443818 0.0228781 0.00710902 0.00518595 0.0476162 0.0131961 0.0169261 0.0196308 0.00678561 0.00387924 0.0291482 0.00943017 0.00692054 0.194842 0.199904
0.202435 0.02367 0.00795496 0.00477125 0.0233591 0.00749362 0.00524705 0.0487493 0.0122562 0.0174251 0.0201062 0.00704506 0.00408026 0.0296604 0.00912937 0.00724505 0.199904 0.204967
0.207498 0.024265 0.00801358 0.00516131 0.0239491 0.00782426 0.00548574 0.049755 0.0110817 0.0179407 0.020637 0.00739788 0.00415125 0.0303632 0.00956168 0.00770451 0.204967 0.210029
0.212560 0.0248769 0.00818024 0.00558992 0.0245523 0.00806954 0.00560615 0.0510624 0.00989562 0.0177232 0.0212056 0.00760723 0.00429495 0.0310476 0.00895802 0.00803898 0.210029 0.215091
0.217623 0.0254519 0.00808136 0.00584414 0.0251352 0.00788361 0.00602502 0.0510024 0.0102734 0.0170478 0.0217462 0.00769458 0.00450913 0.0316806 0.00885114 0.00844912 0.215091 0.220154
0.222685 0.0260712 0.00814274 0.00634987 0.0257454 0.00779385 0.00643748 0.0523566 0.0104417 0.017897 0.0222765 0.0076665 0.00475745 0.0324496 0.00866226 0.00867693 0.220154 0.225217
0.227748 0.0266372 0.00812893 0.0065071 0.0263063 0.00788767 0.0067288 0.0533344 0.0111589 0.0181678 0.0227774 0.00772803 0.00493022 0.033125 0.00852251 0.00886669 0.225217 0.230279
0.232810 0.0272514 0.00802016 0.00665724 0.0269108 0.00797361 0.00686884 0.0547267 0.0116061 0.0184209 0.0233619 0.00765368 0.00529314 0.033789 0.00846789 0.00882989 0.230279 0.235342
0.237873 0.0276814 0.00789674 0.00670106 0.0273371 0.00791948 0.00677071 0.0554592 0.0109481 0.0188378 0.02379 0.00757147 0.00547952 0.0342224 0.00849641 0.00912073 0.235342 0.240404
0.242935 0.0281139 0.00795435 0.00682657 0.0277739 0.00761554 0.00691575 0.0555435 0.0121993 0.0190073 0.0242308 0.00765605 0.00555123 0.0346408 0.00870183 0.00909179 0.240404 0.245467
0.247998 0.0288776 0.00819438 0.00690427 0.0285309 0.0077795 0.00720873 0.0568473 0.0124139 0.0198915 0.0249478 0.00800524 0.00561082 0.0354829 0.00863373 0.00953092 0.245467 0.250529
0.253060 0.029162 0.00836941 0.00689809 0.0288174 0.00755007 0.00722489 0.0569595 0.0137371 0.0199505 0.0253403 0.00789831 0.00573673 0.0355857 0.00863245 0.00951534 0.250529 0.255592
0.258123 0.0298458 0.00833788 0.00686008 0.0294867 0.00720302 0.00729 0.0588202 0.0133684 0.0216349 0.0260081 0.00781319 0.00590027 0.0362965 0.00890871 0.00969461 0.255592 0.260654
0.263185 0.030086 0.00812384 0.00718363 0.0297388 0.00699429 0.0071403 0.0580988 0.0138659 0.0211275 0.0262732 0.00756306 0.00566616 0.0364949 0.00922473 0.00983506 0.260654 0.265716
0.268248 0.0303904 0.008119 0.00723026 0.030049 0.0071552 0.00712243 0.0579362 0.0135657 0.0210815 0.0266393 0.0076868 0.00567323 0.0366955 0.00944836 0.00982736 0.265716 0.270779
0.273310 0.0309024 0.00795054 0.0073845 0.0305567 0.00703859 0.0072487 0.0587902 0.0134902 0.0213325 0.0271841 0.00816234 0.0060016 0.0371523 0.00968919 0.0101727 0.270779 0.275842
0.278373 0.031402 0.00829322 0.00750701 0.0310514 0.00728888 0.00729897 0.0596916 0.0144065 0.0215599 0.0276488 0.00792072 0.00613587 0.0377106 0.00978993 0.0103501 0.275842 0.280904
0.283435 0.0324803 0.00868565 0.00797638 0.032141 0.00761254 0.00778668 0.0598537 0.0149002 0.0208764 0.0286742 0.00786439 0.0064273 0.0388778 0.00977058 0.0111521 0.280904 0.285967
0.288498 0.0328618 0.00874053 0.00828952 0.0325191 0.00760419 0.00842803 0.060512 0.0155709 0.0215441 0.0291011 0.00805662 0.00674475 0.0391829 0.00962619 0.0114352 0.285967 0.291029
0.293560 0.0333798 0.00814225 0.00847489 0.0330399 0.00749976 0.00861528 0.0607937 0.0144947 0.021916 0.0296819 0.00848681 0.00706094 0.0395952 0.00921302 0.0115503 0.291029 0.296091
0.298623 0.0339053 0.00844032 0.00865051 0.0335695 0.00766855 0.00875774 0.0610016 0.0150334 0.0222003 0.0302373 0.00848281 0.00696486 0.0400708 0.00934497 0.0115421 0.296091 0.301154
0.303685 0.0343844 0.00831337 0.00879726 0.0340511 0.00781541 0.00889497 0.0612772 0.0151491 0.0213502 0.0307426 0.00886378 0.00717343 0.0405057 0.00966007 0.0115522 0.301154 0.306217
0.308748 0.0348313 0.00871266 0.00892156 0.0344914 0.00823983 0.00898017 0.0622512 0.0154174 0.0214062 0.0312475 0.00907737 0.00720967 0.040855 0.00987677 0.0116171 0.306217 0.311279
0.313810 0.0353143 0.00943462 0.0089891 0.0349811 0.00881014 0.00905754 0.0621972 0.0155669 0.0215211 0.0317967 0.00918597 0.00727307 0.041227 0.0101499 0.0118151 0.311279 0.316341
0.318873 0.0358166 0.00986607 0.00914235 0.0354921 0.00939676 0.00932144 0.0619994 0.0157262 0.0211314 0.0323842 0.00909435 0.00740985 0.041586 0.0105518 0.0118393 0.316341 0.321404
0.323935 0.0363572 0.0101187 0.00922229 0.0360424 0.00984356 0.00955148 0.0617543 0.0159642 0.0207499 0.0331007 0.00918768 0.0077368 0.0418309 0.0106996 0.0120552 0.321404 0.326466
0.328997 0.0367808 0.0103038 0.00947678 0.0364706 0.00964939 0.00949881 0.0618062 0.016096 0.0203432 0.0336256 0.00933647 0.0079299 0.0420842 0.0109173 0.0121501 0.326466 0.331528
0.334060 0.037217 0.0104905 0.00941677 0.036925 0.00946168 0.00995694 0.0607709 0.0167982 0.0193697 0.0341857 0.00949082 0.00815564 0.0423121 0.0103451 0.0121523 0.331528 0.336591
0.339122 0.0375115 0.0104344 0.00963839 0.0372307 0.00991065 0.0101214 0.0601636 0.0173604 0.0184082 0.0345598 0.00994721 0.00836079 0.0424727 0.0103119 0.0122361 0.336591 0.341653
0.344185 0.0381517 0.0108435 0.00981984 0.0378798 0.00973596 0.0102597 0.0600884 0.0174309 0.0183113 0.0352472 0.0103086 0.00894339 0.0430337 0.0105758 0.0123321 0.341653 0.346716
0.349247 0.0387272 0.0106911 0.0101879 0.0384627 0.0099418 0.0103044 0.0600685 0.0176509 0.0181235 0.0359058 0.0097247 0.00926407 0.0434696 0.0101022 0.0122675 0.346716 0.351779
0.354310 0.0396523 0.0105513 0.0104715 0.039402 0.00941992 0.010571 0.0598374 0.0186159 0.0176684 0.0369458 0.0101106 0.00952696 0.0442013 0.0105724 0.0124508 0.351779 0.356841
0.359372 0.0401242 0.0106513 0.0107313 0.0398847 0.0095138 0.0108334 0.0594469 0.0178232 0.0175106 0.037531 0.0100671 0.00967777 0.044483 0.011295 0.0126739 0.356841 0.361903
0.364435 0.0406847 0.0107941 0.0110379 0.0404476 0.00997527 0.0110772 0.0598142 0.0177934 0.0178484 0.0382058 0.0101442 0.00983615 0.0448514 0.0119616 0.0126816 0.361903 0.366966
0.369497 0.0413292 0.0108909 0.0110907 0.0411069 0.0103175 0.0114111 0.0592657 0.0177509 0.0173554 0.0389919 0.0103291 0.0102065 0.0452578 0.0118407 0.0128397 0.366966 0.372028
0.374560 0.0417417 0.0110096 0.0113926 0.0415215 0.0104109 0.0116544 0.0595049 0.0173627 0.0176744 0.0395057 0.0105041 0.0103335 0.0455 0.0117278 0.0130496 0.372028 0.377091
0.379622 0.0423194 0.0110817 0.0117103 0.0421042 0.0104765 0.0119105 0.05968 0.0172231 0.0175175 0.0402012 0.0107035 0.0106347 0.0458799 0.011731 0.013412 0.377091 0.382154
0.384685 0.0426992 0.0111651 0.0119728 0.0424964 0.010849 0.0121339 0.059059 0.017174 0.0175052 0.0406689 0.0108909 0.0108468 0.0461117 0.0113844 0.0134427 0.382154 0.387216
0.389747 0.0432329 0.0112595 0.01208 0.0430418 0.0112963 0.0123548 0.0586556 0.0170321 0.0176368 0.0413963 0.0111269 0.0112699 0.0463201 0.0110263 0.0135799 0.387216 0.392278
0.394810 0.0437987 0.0113195 0.0122876 0.0436281 0.0110938 0.0125837 0.0575621 0.0186062 0.016924 0.0421234 0.0114639 0.0116166 0.0466147 0.0109404 0.0137664 0.392278 0.397341
0.399872 0.0446595 0.0116619 0.012649 0.0445018 0.011377 0.0129052 0.0573796 0.0186087 0.0165469 0.0431838 0.0115832 0.0120775 0.0471399 0.0109334 0.0136388 0.397341 0.402404
0.404935 0.0452487 0.0115461 0.0128217 0.0451019 0.0113684 0.0130801 0.0570876 0.0189743 0.0153856 0.043948 0.011673 0.0123501 0.0474349 0.0112788 0.0135369 0.402404 0.407466
0.409997 0.04596 0.0114661 0.0131094 0.0458182 0.0113356 0.0134543 0.057403 0.0191269 0.0150244 0.0448183 0.0121411 0.0127383 0.047879 0.0115913 0.0136944 0.407466 0.412529
0.415060 0.0465692 0.01163 0.0131754 0.0464419 0.0115199 0.0135372 0.0568428 0.0206293 0.0146529 0.045593 0.0120352 0.0127494 0.0482102 0.0120007 0.0138462 0.412529 0.417591
0.420122 0.0470904 0.0120744 0.0131398 0.0469757 0.0119661 0.0134029 0.0563378 0.0207492 0.0143601 0.0462845 0.0120275 0.0127711 0.0484449 0.0122266 0.0133348 0.417591 0.422653
0.425185 0.047794 0.0125101 0.0133529 0.0476925 0.0123902 0.0135369 0.0559818 0.0201463 0.0142339 0.0471964 0.0119631 0.0132099 0.0487985 0.0125555 0.0137613 0.422653 0.427716
0.430247 0.0484811 0.0128232 0.0134826 0.0483964 0.0126653 0.0135345 0.0553119 0.0213717 0.0134886 0.0480921 0.0122084 0.013409 0.049135 0.0127972 0.0138326 0.427716 0.432779
0.435310 0.0489355 0.0131453 0.0134342 0.0488661 0.0129504 0.0135117 0.0545317 0.021607 0.01343 0.0487685 0.0125648 0.0135144 0.0492161 0.0132155 0.0133854 0.432779 0.437841
0.440372 0.0496858 0.0137311 0.0136855 0.0496329 0.0133934 0.0139602 0.0539512 0.021758 0.0131403 0.0497412 0.0129772 0.0137792 0.0495926 0.0136662 0.0134247 0.437841 0.442903
0.445435 0.0503478 0.0141927 0.0137545 0.0503096 0.0140267 0.0140313 0.0534331 0.022124 0.0131738 0.0505916 0.0136106 0.0140181 0.049938 0.0135547 0.0135479 0.442903 0.447966
0.450497 0.0510137 0.0140476 0.0138134 0.0509839 0.0138798 0.0140586 0.0534167 0.0224005 0.0134821 0.0514748 0.0141327 0.0142789 0.0502387 0.01357 0.0136942 0.447966 0.453029
0.455560 0.0515484 0.0143124 0.0139825 0.0515269 0.0141594 0.014265 0.0532762 0.021341 0.0140251 0.052144 0.0141117 0.0142398 0.0505472 0.0135797 0.0137496 0.453029 0.458091
0.460622 0.0521534 0.0147726 0.0142478 0.0521412 0.0146151 0.0142664 0.0531377 0.0207382 0.0143166 0.052925 0.0145953 0.0144617 0.0508565 0.0141553 0.0137411 0.458091 0.463154
0.465685 0.0528048 0.0151023 0.0145493 0.0528003 0.0150202 0.0145135 0.0531668 0.020039 0.0147601 0.0537909 0.0150042 0.0147124 0.0511474 0.0146453 0.0139742 0.463154 0.468216
0.470747 0.053415 0.0155269 0.0147497 0.0534295 0.0153967 0.0147358 0.0522531 0.0218592 0.0142625 0.0546075 0.0155016 0.0149391 0.0514107 0.0149841 0.0142434 0.468216 0.473278
0.475810 0.0541332 0.0159753 0.0147643 0.0541621 0.0158388 0.0149924 0.0518037 0.021612 0.0145067 0.0555508 0.0155322 0.0152724 0.0517505 0.0154847 0.0144691 0.473278 0.478341
0.480872 0.0546923 0.0164095 0.0149553 0.0547297 0.0163269 0.0149466 0.0516729 0.0221039 0.0146922 0.0563033 0.0159901 0.0154998 0.0519843 0.016063 0.0145077 0.478341 0.483404
0.485935 0.0552285 0.016727 0.0150024 0.055277 0.016619 0.0150159 0.0513161 0.0217366 0.0143114 0.056994 0.0164514 0.0156761 0.0522609 0.0167845 0.0145277 0.483404 0.488466
0.490997 0.056006 0.0172179 0.0149708 0.0560578 0.0170569 0.0148623 0.0518316 0.024437 0.0147779 0.0579541 0.0169499 0.0159092 0.0527316 0.0171346 0.0147611 0.488466 0.493528
0.496060 0.0566468 0.0176484 0.0148983 0.0567095 0.0175449 0.0149449 0.051593 0.0243733 0.014748 0.0587732 0.0178199 0.0160594 0.0530728 0.0173915 0.0149744 0.493528 0.498591
0.501122 0.057338 0.0181176 0.0152409 0.0574143 0.0180138 0.0151894 0.0511808 0.0243179 0.0151007 0.0596889 0.0176779 0.0162065 0.0533865 0.0177171 0.0149471 0.498591 0.503654
0.506185 0.0579594 0.0184497 0.0154319 0.058043 0.0184525 0.0153462 0.0512123 0.0245897 0.0155427 0.0604924 0.0180399 0.0163266 0.0537018 0.017978 0.0152896 0.503654 0.508716
0.511247 0.0586752 0.0188296 0.015587 0.0587647 0.0188456 0.0155965 0.0514553 0.0241655 0.0153769 0.0614031 0.0184412 0.0164578 0.05409 0.0181842 0.015525 0.508716 0.513778
0.516310 0.0594721 0.0192917 0.0159637 0.0595758 0.0193278 0.0157832 0.0511097 0.0235122 0.0154772 0.0624655 0.0189738 0.0169908 0.0544408 0.0185772 0.0155422 0.513778 0.518841
0.521372 0.0605334 0.0196827 0.016201 0.0606505 0.0195472 0.0160484 0.0510839 0.0241887 0.0158095 0.0637269 0.0194346 0.0173463 0.0551657 0.0189123 0.015652 0.518841 0.523903
0.526435 0.061155 0.019576 0.0163017 0.0612892 0.0195845 0.0160335 0.0503286 0.0243829 0.0158225 0.0645022 0.0197583 0.0174005 0.0555288 0.0193114 0.0157585 0.523903 0.528966
0.531497 0.0619669 0.0199599 0.0166484 0.0621081 0.020087 0.0161501 0.0505802 0.024396 0.0164603 0.0654805 0.0199085 0.0175042 0.056061 0.0195032 0.0156568 0.528966 0.534029
0.536560 0.0626826 0.0204061 0.0168413 0.0628424 0.0208229 0.0162622 0.0497899 0.0224608 0.0160446 0.066378 0.0205305 0.0176546 0.0564711 0.019845 0.0156785 0.534029 0.539091
0.541622 0.0633741 0.0208554 0.0169013 0.063551 0.0211501 0.0163536 0.0490993 0.0222598 0.0162138 0.0671491 0.02085 0.0177842 0.0570288 0.0200993 0.0157568 0.539091 0.544153
0.546685 0.0638201 0.0212392 0.0168919 0.0640125 0.021432 0.0164263 0.0482933 0.0197013 0.0173562 0.0677647 0.021228 0.017738 0.0571897 0.0205446 0.0157382 0.544153 0.549216
0.551747 0.064649 0.0215359 0.0169502 0.0648632 0.0217361 0.0166189 0.0473716 0.0189458 0.0182147 0.068765 0.021778 0.0177734 0.0577307 0.0205541 0.0158237 0.549216 0.554278
0.556810 0.0653741 0.0219408 0.0168947 0.065622 0.022072 0.0166895 0.0453761 0.0188563 0.0173812 0.0696213 0.022321 0.0180161 0.0582352 0.0205272 0.0160884 0.554278 0.559341
0.561872 0.0661819 0.0219498 0.017011 0.066482 0.0226966 0.0169546 0.0419724 0.0192936 0.0152669 0.0706831 0.0230264 0.0182808 0.058616 0.0209174 0.0159265 0.559341 0.564404
0.566935 0.0669048 0.0219992 0.0170795 0.0672519 0.0232762 0.0170037 0.0389043 0.0213123 0.01394 0.071655 0.0237316 0.0184056 0.0589204 0.0214333 0.0155768 0.564404 0.569466
0.571997 0.0679827 0.0221857 0.0173637 0.0683719 0.0234747 0.0170117 0.0365876 0.0216336 0.0130552 0.0728775 0.0238282 0.0187732 0.0597552 0.0209867 0.0156016 0.569466 0.574528
0.577060 0.06882 0.0223656 0.0175271 0.069263 0.0234466 0.0170572 0.0330781 0.0219839 0.011605 0.0739552 0.0237334 0.0190693 0.0601885 0.021292 0.0155789 0.574528 0.579592
0.582123 0.0697941 0.0226239 0.0177213 0.0702895 0.0235673 0.0171705 0.0298265 0.0219712 0.00999892 0.0752342 0.0237826 0.0193685 0.06065 0.0216591 0.0150456 0.579592 0.584654
0.587185 0.0706498 0.0227861 0.0178951 0.071203 0.0236151 0.0172606 0.026023 0.0210494 0.00846492 0.0763647 0.0237803 0.0193202 0.0610439 0.0222586 0.0149135 0.584654 0.589717
0.592248 0.0717919 0.0229398 0.0182432 0.0724104 0.0241611 0.0175392 0.0218993 0.0189806 0.0065046 0.0778511 0.0237357 0.0199512 0.0616074 0.0219479 0.0148255 0.589717 0.594779
0.597310 0.0729222 0.0236599 0.0185187 0.0736095 0.0251525 0.0172344 0.0174734 0.0164061 0.00468123 0.079496 0.0238912 0.0205178 0.0618725 0.0225605 0.014691 0.594779 0.599841
0.602373 0.0743592 0.0246997 0.0191143 0.0751169 0.0255493 0.0179242 0.0132347 0.0126931 0.00357558 0.0813761 0.0242068 0.0209269 0.0625649 0.0225608 0.0144783 0.599841 0.604904
0.607435 0.075985 0.0254474 0.0194783 0.0768344 0.0258768 0.0183992 0.00746477 0.00879721 0.00160783 0.0834957 0.0245522 0.0212267 0.0633607 0.0233801 0.0141883 0.604904 0.609967
0.612498 0.0777702 0.0258224 0.01967 0.0787281 0.0279317 0.0186625 0.000489714 0.000140554 0.000149639 0.0857362 0.0262788 0.0218863 0.0643804 0.0236099 0.0141693 0.609967 0.615029
0.617560 0 0 0 0 0 0 0 0 0 0 0 0 0 0 0 0.615029 0.620092
0.622623 0 0 0 0 0 0 0 0 0 0 0 0 0 0 0 0.620092 0.625154
0.627685 0 0 0 0 0 0 0 0 0 0 0 0 0 0 0 0.625154 0.630216
0.632748 0 0 0 0 0 0 0 0 0 0 0 0 0 0 0 0.630216 0.635279
0.637810 0 0 0 0 0 0 0 0 0 0 0 0 0 0 0 0.635279 0.640342
0.642873 0 0 0 0 0 0 0 0 0 0 0 0 0 0 0 0.640342 0.645404
0.647935 0 0 0 0 0 0 0 0 0 0 0 0 0 0 0 0.645404 0.650466
0.652998 0 0 0 0 0 0 0 0 0 0 0 0 0 0 0 0.650466 0.655529
0.658060 0 0 0 0 0 0 0 0 0 0 0 0 0 0 0 0.655529 0.660591
0.663123 0 0 0 0 0 0 0 0 0 0 0 0 0 0 0 0.660591 0.665654
0.668185 0 0 0 0 0 0 0 0 0 0 0 0 0 0 0 0.665654 0.670717
0.673248 0 0 0 0 0 0 0 0 0 0 0 0 0 0 0 0.670717 0.675779
0.678310 0 0 0 0 0 0 0 0 0 0 0 0 0 0 0 0.675779 0.680841
0.684006 0 0 0 0 0 0 0 0 0 0 0 0 0 0 0 0.680841 0.687170
0.690967 0 0 0 0 0 0 0 0 0 0 0 0 0 0 0 0.687170 0.694764
0.698560 0 0 0 0 0 0 0 0 0 0 0 0 0 0 0 0.694764 0.702357
0.706154 0 0 0 0 0 0 0 0 0 0 0 0 0 0 0 0.702357 0.709951
0.713748 0 0 0 0 0 0 0 0 0 0 0 0 0 0 0 0.709951 0.717545
0.721342 0 0 0 0 0 0 0 0 0 0 0 0 0 0 0 0.717545 0.725139
0.728935 0 0 0 0 0 0 0 0 0 0 0 0 0 0 0 0.725139 0.732732
0.736529 0 0 0 0 0 0 0 0 0 0 0 0 0 0 0 0.732732 0.740326
0.744123 0 0 0 0 0 0 0 0 0 0 0 0 0 0 0 0.740326 0.747920
0.751717 0 0 0 0 0 0 0 0 0 0 0 0 0 0 0 0.747920 0.755513
0.759310 0 0 0 0 0 0 0 0 0 0 0 0 0 0 0 0.755513 0.763107
0.766904 0 0 0 0 0 0 0 0 0 0 0 0 0 0 0 0.763107 0.770701
0.774498 0 0 0 0 0 0 0 0 0 0 0 0 0 0 0 0.770701 0.778295
0.782092 0 0 0 0 0 0 0 0 0 0 0 0 0 0 0 0.778295 0.785888
0.789685 0 0 0 0 0 0 0 0 0 0 0 0 0 0 0 0.785888 0.793482
0.797279 0 0 0 0 0 0 0 0 0 0 0 0 0 0 0 0.793482 0.801076
0.804873 0 0 0 0 0 0 0 0 0 0 0 0 0 0 0 0.801076 0.808670
0.812467 0 0 0 0 0 0 0 0 0 0 0 0 0 0 0 0.808670 0.816263
0.820060 0 0 0 0 0 0 0 0 0 0 0 0 0 0 0 0.816263 0.823857
0.827654 0 0 0 0 0 0 0 0 0 0 0 0 0 0 0 0.823857 0.831451
0.835248 0 0 0 0 0 0 0 0 0 0 0 0 0 0 0 0.831451 0.839045
0.842842 0 0 0 0 0 0 0 0 0 0 0 0 0 0 0 0.839045 0.846639
0.850435 0 0 0 0 0 0 0 0 0 0 0 0 0 0 0 0.846639 0.854232
0.858029 0 0 0 0 0 0 0 0 0 0 0 0 0 0 0 0.854232 0.861826
0.865623 0 0 0 0 0 0 0 0 0 0 0 0 0 0 0 0.861826 0.869420
0.873217 0 0 0 0 0 0 0 0 0 0 0 0 0 0 0 0.869420 0.877014
0.880810 0 0 0 0 0 0 0 0 0 0 0 0 0 0 0 0.877014 0.884607
0.888404 0 0 0 0 0 0 0 0 0 0 0 0 0 0 0 0.884607 0.892201
0.895998 0 0 0 0 0 0 0 0 0 0 0 0 0 0 0 0.892201 0.899795
0.903592 0 0 0 0 0 0 0 0 0 0 0 0 0 0 0 0.899795 0.907389
0.911185 0 0 0 0 0 0 0 0 0 0 0 0 0 0 0 0.907389 0.914982
0.918779 0 0 0 0 0 0 0 0 0 0 0 0 0 0 0 0.914982 0.922576
0.926373 0 0 0 0 0 0 0 0 0 0 0 0 0 0 0 0.922576 0.930170
0.933967 0 0 0 0 0 0 0 0 0 0 0 0 0 0 0 0.930170 0.937763
0.941560 0 0 0 0 0 0 0 0 0 0 0 0 0 0 0 0.937763 0.945357
0.949154 0 0 0 0 0 0 0 0 0 0 0 0 0 0 0 0.945357 0.952951
0.956748 0 0 0 0 0 0 0 0 0 0 0 0 0 0 0 0.952951 0.960545
0.964342 0 0 0 0 0 0 0 0 0 0 0 0 0 0 0 0.960545 0.968138
0.971935 0 0 0 0 0 0 0 0 0 0 0 0 0 0 0 0.968138 0.975732
0.979529 0 0 0 0 0 0 0 0 0 0 0 0 0 0 0 0.975732 0.983326
0.987123 0 0 0 0 0 0 0 0 0 0 0 0 0 0 0 0.983326 0.990920
0.994717 0 0 0 0 0 0 0 0 0 0 0 0 0 0 0 0.990920 0.998514
1.000412 0 0 0 0 0 0 0 0 0 0 0 0 0 0 0 0.998514 1.002310
