#Peak halo mass range: 10.625 < log10(Mh/Msun) < 10.875
#Quenched threshold: True SFR / True SM < 1e-11 / yr
#True SFHs in units of Msun/yr.
#See documentation for explanation of true vs. observed SFRs and SMs.
#Bestfit halos in bin: 9205
#Bestfit SF halos in bin: 8877
#Bestfit Q halos in bin: 328
#Bestfit central halos in bin: 8768
#Bestfit satellite halos in bin: 437
#Avg_scale_factor <SFH_all> Err+ Err- <SFH_SF> Err+ Err- <SFH_Q> Err+ Err- <SFH_Cen> Err+ Err- <SFH_Sat> Err+ Err- Scale_factor_begin Scale_factor_end
0.028936 0.00185854 0.000242532 0.00183254 0.00120811 0.000492426 0.0011939 0.0194618 -0.0126642 0.0194618 0.00187252 0.000169762 0.0018457 0.00157809 0.00235958 0.0015685 0.000000 0.057873
0.059561 0.0457711 0.0369949 0.0440815 0.0398167 0.0429763 0.0383494 0.206921 0.02028 0.205876 0.0449168 0.0362536 0.0432737 0.0629127 0.086777 0.0608236 0.057873 0.061248
0.062373 0.107513 0.0864873 0.101032 0.0983602 0.0821327 0.0925311 0.355229 0.167609 0.345122 0.103174 0.0801524 0.0969604 0.194583 0.21359 0.18348 0.061248 0.063498
0.064623 0.205392 0.169955 0.186209 0.194888 0.175667 0.176818 0.489652 0.197241 0.462057 0.197216 0.15861 0.178679 0.369423 0.359449 0.338657 0.063498 0.065748
0.066873 0.316739 0.246806 0.280217 0.312076 0.219823 0.276014 0.442934 0.387344 0.392218 0.307249 0.236102 0.27185 0.507135 0.435226 0.4492 0.065748 0.067998
0.069123 0.425902 0.34107 0.363227 0.41876 0.312692 0.358091 0.619177 0.585479 0.529769 0.411991 0.320863 0.351062 0.705004 0.577422 0.603484 0.067998 0.070248
0.071373 0.589075 0.45506 0.480833 0.576871 0.410966 0.469816 0.919366 0.958251 0.755876 0.571588 0.428024 0.465796 0.939935 0.738775 0.770133 0.070248 0.072498
0.073623 0.822079 0.454892 0.632412 0.798567 0.456464 0.619645 1.45841 0.898966 1.19345 0.791205 0.435601 0.605636 1.44155 0.919635 1.08622 0.072498 0.074748
0.075873 1.0095 0.568446 0.686925 1.00473 0.509801 0.691199 1.13851 0.801791 0.808149 0.970153 0.556421 0.665372 1.79897 0.976129 1.28684 0.074748 0.076998
0.078123 1.2278 0.610321 0.795604 1.22323 0.615478 0.796726 1.35129 1.00204 0.882003 1.19469 0.617359 0.779403 1.892 0.851361 1.28914 0.076998 0.079248
0.080373 1.32825 0.737211 0.812873 1.31244 0.712288 0.820411 1.75615 1.01991 1.09567 1.30259 0.744361 0.797619 1.84312 0.838098 1.17112 0.079248 0.081498
0.082904 1.30273 0.691351 0.779667 1.29362 0.639902 0.77442 1.54928 1.15927 0.858073 1.28623 0.684478 0.765447 1.63382 0.77632 0.975453 0.081498 0.084311
0.085998 1.88432 0.933301 1.04388 1.86682 0.925847 1.04496 2.35797 1.75012 1.31265 1.86463 0.940284 1.02964 2.27948 1.00181 1.27149 0.084311 0.087685
0.089373 2.27949 1.0915 1.17722 2.24696 0.999472 1.16144 3.15989 2.06232 1.81875 2.26888 1.10466 1.17139 2.49242 1.1495 1.24581 0.087685 0.091061
0.092748 2.84297 1.31051 1.32084 2.80459 1.2391 1.30478 3.88194 2.2949 2.25152 2.82386 1.31111 1.31672 3.22646 1.39031 1.48861 0.091061 0.094435
0.096123 3.37677 1.44083 1.45677 3.41093 1.5125 1.4154 2.4522 1.96762 1.20415 3.36487 1.43772 1.45795 3.61556 1.54097 1.47687 0.094435 0.097811
0.099498 4.06374 1.75392 1.62493 4.15965 1.86741 1.62659 1.46824 1.30958 0.588698 4.05384 1.74474 1.62041 4.26242 1.86931 1.68339 0.097811 0.101186
0.102873 4.75595 2.08301 1.78068 4.90552 2.36809 1.6593 0.70808 0.587095 0.280359 4.76849 2.1003 1.78586 4.50443 1.91333 1.67663 0.101186 0.104560
0.106248 5.45327 2.3399 1.92545 5.65472 2.80819 1.72897 0.00104206 0.000514072 0.000610004 5.50227 2.37381 1.9337 4.47011 1.75191 1.55682 0.104560 0.107936
0.109623 0 0 0 0 0 0 0 0 0 0 0 0 0 0 0 0.107936 0.111310
0.112998 0 0 0 0 0 0 0 0 0 0 0 0 0 0 0 0.111310 0.114686
0.116373 0 0 0 0 0 0 0 0 0 0 0 0 0 0 0 0.114686 0.118060
0.119748 0 0 0 0 0 0 0 0 0 0 0 0 0 0 0 0.118060 0.121435
0.123123 0 0 0 0 0 0 0 0 0 0 0 0 0 0 0 0.121435 0.124811
0.126498 0 0 0 0 0 0 0 0 0 0 0 0 0 0 0 0.124811 0.128185
0.129873 0 0 0 0 0 0 0 0 0 0 0 0 0 0 0 0.128185 0.131561
0.133248 0 0 0 0 0 0 0 0 0 0 0 0 0 0 0 0.131561 0.134935
0.137045 0 0 0 0 0 0 0 0 0 0 0 0 0 0 0 0.134935 0.139154
0.141685 0 0 0 0 0 0 0 0 0 0 0 0 0 0 0 0.139154 0.144217
0.146748 0 0 0 0 0 0 0 0 0 0 0 0 0 0 0 0.144217 0.149279
0.151810 0 0 0 0 0 0 0 0 0 0 0 0 0 0 0 0.149279 0.154342
0.156873 0 0 0 0 0 0 0 0 0 0 0 0 0 0 0 0.154342 0.159404
0.161935 0 0 0 0 0 0 0 0 0 0 0 0 0 0 0 0.159404 0.164467
0.166998 0 0 0 0 0 0 0 0 0 0 0 0 0 0 0 0.164467 0.169529
0.172060 0 0 0 0 0 0 0 0 0 0 0 0 0 0 0 0.169529 0.174591
0.177123 0 0 0 0 0 0 0 0 0 0 0 0 0 0 0 0.174591 0.179654
0.182185 0 0 0 0 0 0 0 0 0 0 0 0 0 0 0 0.179654 0.184716
0.187248 0 0 0 0 0 0 0 0 0 0 0 0 0 0 0 0.184716 0.189779
0.192310 0 0 0 0 0 0 0 0 0 0 0 0 0 0 0 0.189779 0.194842
0.197373 0 0 0 0 0 0 0 0 0 0 0 0 0 0 0 0.194842 0.199904
0.202435 0 0 0 0 0 0 0 0 0 0 0 0 0 0 0 0.199904 0.204967
0.207498 0 0 0 0 0 0 0 0 0 0 0 0 0 0 0 0.204967 0.210029
0.212560 0 0 0 0 0 0 0 0 0 0 0 0 0 0 0 0.210029 0.215091
0.217623 0 0 0 0 0 0 0 0 0 0 0 0 0 0 0 0.215091 0.220154
0.222685 0 0 0 0 0 0 0 0 0 0 0 0 0 0 0 0.220154 0.225217
0.227748 0 0 0 0 0 0 0 0 0 0 0 0 0 0 0 0.225217 0.230279
0.232810 0 0 0 0 0 0 0 0 0 0 0 0 0 0 0 0.230279 0.235342
0.237873 0 0 0 0 0 0 0 0 0 0 0 0 0 0 0 0.235342 0.240404
0.242935 0 0 0 0 0 0 0 0 0 0 0 0 0 0 0 0.240404 0.245467
0.247998 0 0 0 0 0 0 0 0 0 0 0 0 0 0 0 0.245467 0.250529
0.253060 0 0 0 0 0 0 0 0 0 0 0 0 0 0 0 0.250529 0.255592
0.258123 0 0 0 0 0 0 0 0 0 0 0 0 0 0 0 0.255592 0.260654
0.263185 0 0 0 0 0 0 0 0 0 0 0 0 0 0 0 0.260654 0.265716
0.268248 0 0 0 0 0 0 0 0 0 0 0 0 0 0 0 0.265716 0.270779
0.273310 0 0 0 0 0 0 0 0 0 0 0 0 0 0 0 0.270779 0.275842
0.278373 0 0 0 0 0 0 0 0 0 0 0 0 0 0 0 0.275842 0.280904
0.283435 0 0 0 0 0 0 0 0 0 0 0 0 0 0 0 0.280904 0.285967
0.288498 0 0 0 0 0 0 0 0 0 0 0 0 0 0 0 0.285967 0.291029
0.293560 0 0 0 0 0 0 0 0 0 0 0 0 0 0 0 0.291029 0.296091
0.298623 0 0 0 0 0 0 0 0 0 0 0 0 0 0 0 0.296091 0.301154
0.303685 0 0 0 0 0 0 0 0 0 0 0 0 0 0 0 0.301154 0.306217
0.308748 0 0 0 0 0 0 0 0 0 0 0 0 0 0 0 0.306217 0.311279
0.313810 0 0 0 0 0 0 0 0 0 0 0 0 0 0 0 0.311279 0.316341
0.318873 0 0 0 0 0 0 0 0 0 0 0 0 0 0 0 0.316341 0.321404
0.323935 0 0 0 0 0 0 0 0 0 0 0 0 0 0 0 0.321404 0.326466
0.328997 0 0 0 0 0 0 0 0 0 0 0 0 0 0 0 0.326466 0.331528
0.334060 0 0 0 0 0 0 0 0 0 0 0 0 0 0 0 0.331528 0.336591
0.339122 0 0 0 0 0 0 0 0 0 0 0 0 0 0 0 0.336591 0.341653
0.344185 0 0 0 0 0 0 0 0 0 0 0 0 0 0 0 0.341653 0.346716
0.349247 0 0 0 0 0 0 0 0 0 0 0 0 0 0 0 0.346716 0.351779
0.354310 0 0 0 0 0 0 0 0 0 0 0 0 0 0 0 0.351779 0.356841
0.359372 0 0 0 0 0 0 0 0 0 0 0 0 0 0 0 0.356841 0.361903
0.364435 0 0 0 0 0 0 0 0 0 0 0 0 0 0 0 0.361903 0.366966
0.369497 0 0 0 0 0 0 0 0 0 0 0 0 0 0 0 0.366966 0.372028
0.374560 0 0 0 0 0 0 0 0 0 0 0 0 0 0 0 0.372028 0.377091
0.379622 0 0 0 0 0 0 0 0 0 0 0 0 0 0 0 0.377091 0.382154
0.384685 0 0 0 0 0 0 0 0 0 0 0 0 0 0 0 0.382154 0.387216
0.389747 0 0 0 0 0 0 0 0 0 0 0 0 0 0 0 0.387216 0.392278
0.394810 0 0 0 0 0 0 0 0 0 0 0 0 0 0 0 0.392278 0.397341
0.399872 0 0 0 0 0 0 0 0 0 0 0 0 0 0 0 0.397341 0.402404
0.404935 0 0 0 0 0 0 0 0 0 0 0 0 0 0 0 0.402404 0.407466
0.409997 0 0 0 0 0 0 0 0 0 0 0 0 0 0 0 0.407466 0.412529
0.415060 0 0 0 0 0 0 0 0 0 0 0 0 0 0 0 0.412529 0.417591
0.420122 0 0 0 0 0 0 0 0 0 0 0 0 0 0 0 0.417591 0.422653
0.425185 0 0 0 0 0 0 0 0 0 0 0 0 0 0 0 0.422653 0.427716
0.430247 0 0 0 0 0 0 0 0 0 0 0 0 0 0 0 0.427716 0.432779
0.435310 0 0 0 0 0 0 0 0 0 0 0 0 0 0 0 0.432779 0.437841
0.440372 0 0 0 0 0 0 0 0 0 0 0 0 0 0 0 0.437841 0.442903
0.445435 0 0 0 0 0 0 0 0 0 0 0 0 0 0 0 0.442903 0.447966
0.450497 0 0 0 0 0 0 0 0 0 0 0 0 0 0 0 0.447966 0.453029
0.455560 0 0 0 0 0 0 0 0 0 0 0 0 0 0 0 0.453029 0.458091
0.460622 0 0 0 0 0 0 0 0 0 0 0 0 0 0 0 0.458091 0.463154
0.465685 0 0 0 0 0 0 0 0 0 0 0 0 0 0 0 0.463154 0.468216
0.470747 0 0 0 0 0 0 0 0 0 0 0 0 0 0 0 0.468216 0.473278
0.475810 0 0 0 0 0 0 0 0 0 0 0 0 0 0 0 0.473278 0.478341
0.480872 0 0 0 0 0 0 0 0 0 0 0 0 0 0 0 0.478341 0.483404
0.485935 0 0 0 0 0 0 0 0 0 0 0 0 0 0 0 0.483404 0.488466
0.490997 0 0 0 0 0 0 0 0 0 0 0 0 0 0 0 0.488466 0.493528
0.496060 0 0 0 0 0 0 0 0 0 0 0 0 0 0 0 0.493528 0.498591
0.501122 0 0 0 0 0 0 0 0 0 0 0 0 0 0 0 0.498591 0.503654
0.506185 0 0 0 0 0 0 0 0 0 0 0 0 0 0 0 0.503654 0.508716
0.511247 0 0 0 0 0 0 0 0 0 0 0 0 0 0 0 0.508716 0.513778
0.516310 0 0 0 0 0 0 0 0 0 0 0 0 0 0 0 0.513778 0.518841
0.521372 0 0 0 0 0 0 0 0 0 0 0 0 0 0 0 0.518841 0.523903
0.526435 0 0 0 0 0 0 0 0 0 0 0 0 0 0 0 0.523903 0.528966
0.531497 0 0 0 0 0 0 0 0 0 0 0 0 0 0 0 0.528966 0.534029
0.536560 0 0 0 0 0 0 0 0 0 0 0 0 0 0 0 0.534029 0.539091
0.541622 0 0 0 0 0 0 0 0 0 0 0 0 0 0 0 0.539091 0.544153
0.546685 0 0 0 0 0 0 0 0 0 0 0 0 0 0 0 0.544153 0.549216
0.551747 0 0 0 0 0 0 0 0 0 0 0 0 0 0 0 0.549216 0.554278
0.556810 0 0 0 0 0 0 0 0 0 0 0 0 0 0 0 0.554278 0.559341
0.561872 0 0 0 0 0 0 0 0 0 0 0 0 0 0 0 0.559341 0.564404
0.566935 0 0 0 0 0 0 0 0 0 0 0 0 0 0 0 0.564404 0.569466
0.571997 0 0 0 0 0 0 0 0 0 0 0 0 0 0 0 0.569466 0.574528
0.577060 0 0 0 0 0 0 0 0 0 0 0 0 0 0 0 0.574528 0.579592
0.582123 0 0 0 0 0 0 0 0 0 0 0 0 0 0 0 0.579592 0.584654
0.587185 0 0 0 0 0 0 0 0 0 0 0 0 0 0 0 0.584654 0.589717
0.592248 0 0 0 0 0 0 0 0 0 0 0 0 0 0 0 0.589717 0.594779
0.597310 0 0 0 0 0 0 0 0 0 0 0 0 0 0 0 0.594779 0.599841
0.602373 0 0 0 0 0 0 0 0 0 0 0 0 0 0 0 0.599841 0.604904
0.607435 0 0 0 0 0 0 0 0 0 0 0 0 0 0 0 0.604904 0.609967
0.612498 0 0 0 0 0 0 0 0 0 0 0 0 0 0 0 0.609967 0.615029
0.617560 0 0 0 0 0 0 0 0 0 0 0 0 0 0 0 0.615029 0.620092
0.622623 0 0 0 0 0 0 0 0 0 0 0 0 0 0 0 0.620092 0.625154
0.627685 0 0 0 0 0 0 0 0 0 0 0 0 0 0 0 0.625154 0.630216
0.632748 0 0 0 0 0 0 0 0 0 0 0 0 0 0 0 0.630216 0.635279
0.637810 0 0 0 0 0 0 0 0 0 0 0 0 0 0 0 0.635279 0.640342
0.642873 0 0 0 0 0 0 0 0 0 0 0 0 0 0 0 0.640342 0.645404
0.647935 0 0 0 0 0 0 0 0 0 0 0 0 0 0 0 0.645404 0.650466
0.652998 0 0 0 0 0 0 0 0 0 0 0 0 0 0 0 0.650466 0.655529
0.658060 0 0 0 0 0 0 0 0 0 0 0 0 0 0 0 0.655529 0.660591
0.663123 0 0 0 0 0 0 0 0 0 0 0 0 0 0 0 0.660591 0.665654
0.668185 0 0 0 0 0 0 0 0 0 0 0 0 0 0 0 0.665654 0.670717
0.673248 0 0 0 0 0 0 0 0 0 0 0 0 0 0 0 0.670717 0.675779
0.678310 0 0 0 0 0 0 0 0 0 0 0 0 0 0 0 0.675779 0.680841
0.684006 0 0 0 0 0 0 0 0 0 0 0 0 0 0 0 0.680841 0.687170
0.690967 0 0 0 0 0 0 0 0 0 0 0 0 0 0 0 0.687170 0.694764
0.698560 0 0 0 0 0 0 0 0 0 0 0 0 0 0 0 0.694764 0.702357
0.706154 0 0 0 0 0 0 0 0 0 0 0 0 0 0 0 0.702357 0.709951
0.713748 0 0 0 0 0 0 0 0 0 0 0 0 0 0 0 0.709951 0.717545
0.721342 0 0 0 0 0 0 0 0 0 0 0 0 0 0 0 0.717545 0.725139
0.728935 0 0 0 0 0 0 0 0 0 0 0 0 0 0 0 0.725139 0.732732
0.736529 0 0 0 0 0 0 0 0 0 0 0 0 0 0 0 0.732732 0.740326
0.744123 0 0 0 0 0 0 0 0 0 0 0 0 0 0 0 0.740326 0.747920
0.751717 0 0 0 0 0 0 0 0 0 0 0 0 0 0 0 0.747920 0.755513
0.759310 0 0 0 0 0 0 0 0 0 0 0 0 0 0 0 0.755513 0.763107
0.766904 0 0 0 0 0 0 0 0 0 0 0 0 0 0 0 0.763107 0.770701
0.774498 0 0 0 0 0 0 0 0 0 0 0 0 0 0 0 0.770701 0.778295
0.782092 0 0 0 0 0 0 0 0 0 0 0 0 0 0 0 0.778295 0.785888
0.789685 0 0 0 0 0 0 0 0 0 0 0 0 0 0 0 0.785888 0.793482
0.797279 0 0 0 0 0 0 0 0 0 0 0 0 0 0 0 0.793482 0.801076
0.804873 0 0 0 0 0 0 0 0 0 0 0 0 0 0 0 0.801076 0.808670
0.812467 0 0 0 0 0 0 0 0 0 0 0 0 0 0 0 0.808670 0.816263
0.820060 0 0 0 0 0 0 0 0 0 0 0 0 0 0 0 0.816263 0.823857
0.827654 0 0 0 0 0 0 0 0 0 0 0 0 0 0 0 0.823857 0.831451
0.835248 0 0 0 0 0 0 0 0 0 0 0 0 0 0 0 0.831451 0.839045
0.842842 0 0 0 0 0 0 0 0 0 0 0 0 0 0 0 0.839045 0.846639
0.850435 0 0 0 0 0 0 0 0 0 0 0 0 0 0 0 0.846639 0.854232
0.858029 0 0 0 0 0 0 0 0 0 0 0 0 0 0 0 0.854232 0.861826
0.865623 0 0 0 0 0 0 0 0 0 0 0 0 0 0 0 0.861826 0.869420
0.873217 0 0 0 0 0 0 0 0 0 0 0 0 0 0 0 0.869420 0.877014
0.880810 0 0 0 0 0 0 0 0 0 0 0 0 0 0 0 0.877014 0.884607
0.888404 0 0 0 0 0 0 0 0 0 0 0 0 0 0 0 0.884607 0.892201
0.895998 0 0 0 0 0 0 0 0 0 0 0 0 0 0 0 0.892201 0.899795
0.903592 0 0 0 0 0 0 0 0 0 0 0 0 0 0 0 0.899795 0.907389
0.911185 0 0 0 0 0 0 0 0 0 0 0 0 0 0 0 0.907389 0.914982
0.918779 0 0 0 0 0 0 0 0 0 0 0 0 0 0 0 0.914982 0.922576
0.926373 0 0 0 0 0 0 0 0 0 0 0 0 0 0 0 0.922576 0.930170
0.933967 0 0 0 0 0 0 0 0 0 0 0 0 0 0 0 0.930170 0.937763
0.941560 0 0 0 0 0 0 0 0 0 0 0 0 0 0 0 0.937763 0.945357
0.949154 0 0 0 0 0 0 0 0 0 0 0 0 0 0 0 0.945357 0.952951
0.956748 0 0 0 0 0 0 0 0 0 0 0 0 0 0 0 0.952951 0.960545
0.964342 0 0 0 0 0 0 0 0 0 0 0 0 0 0 0 0.960545 0.968138
0.971935 0 0 0 0 0 0 0 0 0 0 0 0 0 0 0 0.968138 0.975732
0.979529 0 0 0 0 0 0 0 0 0 0 0 0 0 0 0 0.975732 0.983326
0.987123 0 0 0 0 0 0 0 0 0 0 0 0 0 0 0 0.983326 0.990920
0.994717 0 0 0 0 0 0 0 0 0 0 0 0 0 0 0 0.990920 0.998514
1.000412 0 0 0 0 0 0 0 0 0 0 0 0 0 0 0 0.998514 1.002310
