#Observed stellar mass range: 10.8 < log10(M*/Msun) < 11
#Quenched threshold: Obs. SFR / Obs. SM < 1e-11 / yr
#SFHs in units of observed Msun/yr.
#True SFHs rescaled by average systematic offset of -0.269843 dex to be consistent with average observed stellar mass in bin.
#See documentation for explanation of true vs. observed SFRs and SMs.
#Bestfit galaxies in bin: 11
#Bestfit SF galaxies in bin: 11
#Bestfit Q galaxies in bin: 0
#Bestfit central galaxies in bin: 10
#Bestfit satellite galaxies in bin: 1
#Avg_scale_factor <SFH_all> Err+ Err- <SFH_SF> Err+ Err- <SFH_Q> Err+ Err- <SFH_Cen> Err+ Err- <SFH_Sat> Err+ Err- Scale_factor_begin Scale_factor_end
0.028936 0.0135145 -0.00587759 0.0135145 0.0135145 -0.00924273 0.0135145 0 0 0 0.0148659 -0.00725544 0.0148659 0 0 0 0.000000 0.057873
0.059561 0.242066 0.336274 0.23507 0.242066 0.367232 0.235106 0 0.0919768 0 0.266273 0.236903 0.25914 0 0 0 0.057873 0.061248
0.062373 1.51476 0.360413 1.48784 1.51476 0.215534 1.49642 0 1.00775 0 1.66623 0.208937 1.63931 0 0 0 0.061248 0.063498
0.064623 2.91886 0 2.86504 2.91886 -0.0855837 2.86712 0 2.15337 0 3.21075 -0.170679 3.1543 0 0 0 0.063498 0.065748
0.066873 2.98763 1.52083 2.8183 2.98763 1.79177 2.82062 0 2.03214 0 3.27851 1.22994 3.10311 0.0787403 -0.0684415 0.0787403 0.065748 0.067998
0.069123 3.24928 2.40212 2.93291 3.24928 2.21979 2.92697 0 3.70913 0 3.55331 2.3903 3.231 0.209 -0.165436 0.209 0.067998 0.070248
0.071373 3.23362 6.34751 2.77059 3.23362 6.67844 2.81852 0 5.58255 0 3.50021 6.30351 3.03718 0.567777 -0.404281 0.567777 0.070248 0.072498
0.073623 4.24003 11.0989 3.44673 4.24003 11.3051 3.50715 0 11.3329 0 4.58731 10.7516 3.74442 0.767247 -0.548393 0.767247 0.072498 0.074748
0.075873 8.79691 6.26451 7.1201 8.79691 6.83598 7.09104 0 8.58662 0 9.55033 6.26374 7.87351 1.26279 -0.716662 1.26279 0.074748 0.076998
0.078123 12.2659 4.66342 9.80473 12.2659 6.03019 9.80473 0 8.53849 0 13.4502 4.13975 10.9891 0.422452 -0.275696 0.422452 0.076998 0.079248
0.080373 13.372 7.58843 9.87521 13.372 8.09172 9.79216 0 10.3348 0 14.6856 7.50523 11.1058 0.235836 -0.0885758 0.235836 0.079248 0.081498
0.082904 8.15811 14.3112 4.66275 8.15811 15.6285 4.8479 0 11.1482 0 8.96606 13.5032 5.4707 0.0785694 -0.0568031 0.0785694 0.081498 0.084311
0.085998 7.07869 23.3382 2.3638 7.07869 22.5286 2.89717 0 24.3004 0 7.77571 23.613 3.06082 0.108467 -0.00881314 0.108467 0.084311 0.087685
0.089373 12.5283 42.0293 5.06501 12.5283 37.6167 5.54247 0 32.1607 0 13.7554 41.9336 6.25001 0.257386 0.0761312 0.257386 0.087685 0.091061
0.092748 28.5761 23.8138 17.7363 28.5761 23.8138 18.3842 0 55.9018 0 31.3983 21.5199 20.5257 0.353841 0.0890492 0.353841 0.091061 0.094435
0.096123 30.2466 35.4105 15.6645 30.2466 28.8683 16.1328 0 81.6085 0 32.5755 34.2185 17.9934 6.95766 0 6.95766 0.094435 0.097811
0.099498 33.5117 51.6018 11.2109 33.5117 43.8408 13.3214 0 113.264 0 35.3715 51.9646 13.0706 14.9144 4.00131 14.9144 0.097811 0.101186
0.102873 27.8808 69.7644 -1.39244 27.8808 63.4218 -0.0401018 0 116.812 0 28.4973 70.2193 -0.775997 21.7164 8.03616 21.7164 0.101186 0.104560
0.106248 28.1826 89.1166 -10.9834 28.1826 82.2709 -5.04066 0 176.696 0 30.1441 89.7186 -9.02178 8.56686 2.27778 8.56686 0.104560 0.107936
0.109623 75.4185 120.338 15.1559 75.4185 107.751 22.3122 0 307.331 0 82.4091 121.198 22.055 5.51283 1.10957 5.51283 0.107936 0.111310
0.112998 104.854 136.751 13.8681 104.854 124.603 16.6176 0 258.694 0 115.144 133.327 24.158 1.95494 -0.113127 1.95494 0.111310 0.114686
0.116373 171.719 69.9349 63.8564 171.719 74.3046 62.1611 0 162.135 0 185.531 60.5463 74.4505 33.6032 -2.86994 33.6032 0.114686 0.118060
0.119748 204.199 64.9937 91.3041 204.199 76.0365 89.8798 0 135.847 0 215.842 59.3771 102.057 87.7629 -4.27429 87.7629 0.118060 0.121435
0.123123 190.107 72.0522 59.8382 190.107 88.1567 57.5725 0 159.639 0 193.983 67.8626 65.5123 151.348 -41.4122 151.348 0.121435 0.124811
0.126498 211.994 51.1994 87.1979 211.994 59.8757 84.6646 0 84.6086 0 211.212 49.3187 86.4159 219.813 15.5285 219.813 0.124811 0.128185
0.129873 168.003 82.0649 68.7211 168.003 108.778 61.1107 0 0.0845119 0 158.236 65.154 59.2413 265.678 115.678 265.678 0.128185 0.131561
0.133248 0 0 0 0 0 0 0 0 0 0 0 0 0 0 0 0.131561 0.134935
0.137045 0 0 0 0 0 0 0 0 0 0 0 0 0 0 0 0.134935 0.139154
0.141685 0 0 0 0 0 0 0 0 0 0 0 0 0 0 0 0.139154 0.144217
0.146748 0 0 0 0 0 0 0 0 0 0 0 0 0 0 0 0.144217 0.149279
0.151810 0 0 0 0 0 0 0 0 0 0 0 0 0 0 0 0.149279 0.154342
0.156873 0 0 0 0 0 0 0 0 0 0 0 0 0 0 0 0.154342 0.159404
0.161935 0 0 0 0 0 0 0 0 0 0 0 0 0 0 0 0.159404 0.164467
0.166998 0 0 0 0 0 0 0 0 0 0 0 0 0 0 0 0.164467 0.169529
0.172060 0 0 0 0 0 0 0 0 0 0 0 0 0 0 0 0.169529 0.174591
0.177123 0 0 0 0 0 0 0 0 0 0 0 0 0 0 0 0.174591 0.179654
0.182185 0 0 0 0 0 0 0 0 0 0 0 0 0 0 0 0.179654 0.184716
0.187248 0 0 0 0 0 0 0 0 0 0 0 0 0 0 0 0.184716 0.189779
0.192310 0 0 0 0 0 0 0 0 0 0 0 0 0 0 0 0.189779 0.194842
0.197373 0 0 0 0 0 0 0 0 0 0 0 0 0 0 0 0.194842 0.199904
0.202435 0 0 0 0 0 0 0 0 0 0 0 0 0 0 0 0.199904 0.204967
0.207498 0 0 0 0 0 0 0 0 0 0 0 0 0 0 0 0.204967 0.210029
0.212560 0 0 0 0 0 0 0 0 0 0 0 0 0 0 0 0.210029 0.215091
0.217623 0 0 0 0 0 0 0 0 0 0 0 0 0 0 0 0.215091 0.220154
0.222685 0 0 0 0 0 0 0 0 0 0 0 0 0 0 0 0.220154 0.225217
0.227748 0 0 0 0 0 0 0 0 0 0 0 0 0 0 0 0.225217 0.230279
0.232810 0 0 0 0 0 0 0 0 0 0 0 0 0 0 0 0.230279 0.235342
0.237873 0 0 0 0 0 0 0 0 0 0 0 0 0 0 0 0.235342 0.240404
0.242935 0 0 0 0 0 0 0 0 0 0 0 0 0 0 0 0.240404 0.245467
0.247998 0 0 0 0 0 0 0 0 0 0 0 0 0 0 0 0.245467 0.250529
0.253060 0 0 0 0 0 0 0 0 0 0 0 0 0 0 0 0.250529 0.255592
0.258123 0 0 0 0 0 0 0 0 0 0 0 0 0 0 0 0.255592 0.260654
0.263185 0 0 0 0 0 0 0 0 0 0 0 0 0 0 0 0.260654 0.265716
0.268248 0 0 0 0 0 0 0 0 0 0 0 0 0 0 0 0.265716 0.270779
0.273310 0 0 0 0 0 0 0 0 0 0 0 0 0 0 0 0.270779 0.275842
0.278373 0 0 0 0 0 0 0 0 0 0 0 0 0 0 0 0.275842 0.280904
0.283435 0 0 0 0 0 0 0 0 0 0 0 0 0 0 0 0.280904 0.285967
0.288498 0 0 0 0 0 0 0 0 0 0 0 0 0 0 0 0.285967 0.291029
0.293560 0 0 0 0 0 0 0 0 0 0 0 0 0 0 0 0.291029 0.296091
0.298623 0 0 0 0 0 0 0 0 0 0 0 0 0 0 0 0.296091 0.301154
0.303685 0 0 0 0 0 0 0 0 0 0 0 0 0 0 0 0.301154 0.306217
0.308748 0 0 0 0 0 0 0 0 0 0 0 0 0 0 0 0.306217 0.311279
0.313810 0 0 0 0 0 0 0 0 0 0 0 0 0 0 0 0.311279 0.316341
0.318873 0 0 0 0 0 0 0 0 0 0 0 0 0 0 0 0.316341 0.321404
0.323935 0 0 0 0 0 0 0 0 0 0 0 0 0 0 0 0.321404 0.326466
0.328997 0 0 0 0 0 0 0 0 0 0 0 0 0 0 0 0.326466 0.331528
0.334060 0 0 0 0 0 0 0 0 0 0 0 0 0 0 0 0.331528 0.336591
0.339122 0 0 0 0 0 0 0 0 0 0 0 0 0 0 0 0.336591 0.341653
0.344185 0 0 0 0 0 0 0 0 0 0 0 0 0 0 0 0.341653 0.346716
0.349247 0 0 0 0 0 0 0 0 0 0 0 0 0 0 0 0.346716 0.351779
0.354310 0 0 0 0 0 0 0 0 0 0 0 0 0 0 0 0.351779 0.356841
0.359372 0 0 0 0 0 0 0 0 0 0 0 0 0 0 0 0.356841 0.361903
0.364435 0 0 0 0 0 0 0 0 0 0 0 0 0 0 0 0.361903 0.366966
0.369497 0 0 0 0 0 0 0 0 0 0 0 0 0 0 0 0.366966 0.372028
0.374560 0 0 0 0 0 0 0 0 0 0 0 0 0 0 0 0.372028 0.377091
0.379622 0 0 0 0 0 0 0 0 0 0 0 0 0 0 0 0.377091 0.382154
0.384685 0 0 0 0 0 0 0 0 0 0 0 0 0 0 0 0.382154 0.387216
0.389747 0 0 0 0 0 0 0 0 0 0 0 0 0 0 0 0.387216 0.392278
0.394810 0 0 0 0 0 0 0 0 0 0 0 0 0 0 0 0.392278 0.397341
0.399872 0 0 0 0 0 0 0 0 0 0 0 0 0 0 0 0.397341 0.402404
0.404935 0 0 0 0 0 0 0 0 0 0 0 0 0 0 0 0.402404 0.407466
0.409997 0 0 0 0 0 0 0 0 0 0 0 0 0 0 0 0.407466 0.412529
0.415060 0 0 0 0 0 0 0 0 0 0 0 0 0 0 0 0.412529 0.417591
0.420122 0 0 0 0 0 0 0 0 0 0 0 0 0 0 0 0.417591 0.422653
0.425185 0 0 0 0 0 0 0 0 0 0 0 0 0 0 0 0.422653 0.427716
0.430247 0 0 0 0 0 0 0 0 0 0 0 0 0 0 0 0.427716 0.432779
0.435310 0 0 0 0 0 0 0 0 0 0 0 0 0 0 0 0.432779 0.437841
0.440372 0 0 0 0 0 0 0 0 0 0 0 0 0 0 0 0.437841 0.442903
0.445435 0 0 0 0 0 0 0 0 0 0 0 0 0 0 0 0.442903 0.447966
0.450497 0 0 0 0 0 0 0 0 0 0 0 0 0 0 0 0.447966 0.453029
0.455560 0 0 0 0 0 0 0 0 0 0 0 0 0 0 0 0.453029 0.458091
0.460622 0 0 0 0 0 0 0 0 0 0 0 0 0 0 0 0.458091 0.463154
0.465685 0 0 0 0 0 0 0 0 0 0 0 0 0 0 0 0.463154 0.468216
0.470747 0 0 0 0 0 0 0 0 0 0 0 0 0 0 0 0.468216 0.473278
0.475810 0 0 0 0 0 0 0 0 0 0 0 0 0 0 0 0.473278 0.478341
0.480872 0 0 0 0 0 0 0 0 0 0 0 0 0 0 0 0.478341 0.483404
0.485935 0 0 0 0 0 0 0 0 0 0 0 0 0 0 0 0.483404 0.488466
0.490997 0 0 0 0 0 0 0 0 0 0 0 0 0 0 0 0.488466 0.493528
0.496060 0 0 0 0 0 0 0 0 0 0 0 0 0 0 0 0.493528 0.498591
0.501122 0 0 0 0 0 0 0 0 0 0 0 0 0 0 0 0.498591 0.503654
0.506185 0 0 0 0 0 0 0 0 0 0 0 0 0 0 0 0.503654 0.508716
0.511247 0 0 0 0 0 0 0 0 0 0 0 0 0 0 0 0.508716 0.513778
0.516310 0 0 0 0 0 0 0 0 0 0 0 0 0 0 0 0.513778 0.518841
0.521372 0 0 0 0 0 0 0 0 0 0 0 0 0 0 0 0.518841 0.523903
0.526435 0 0 0 0 0 0 0 0 0 0 0 0 0 0 0 0.523903 0.528966
0.531497 0 0 0 0 0 0 0 0 0 0 0 0 0 0 0 0.528966 0.534029
0.536560 0 0 0 0 0 0 0 0 0 0 0 0 0 0 0 0.534029 0.539091
0.541622 0 0 0 0 0 0 0 0 0 0 0 0 0 0 0 0.539091 0.544153
0.546685 0 0 0 0 0 0 0 0 0 0 0 0 0 0 0 0.544153 0.549216
0.551747 0 0 0 0 0 0 0 0 0 0 0 0 0 0 0 0.549216 0.554278
0.556810 0 0 0 0 0 0 0 0 0 0 0 0 0 0 0 0.554278 0.559341
0.561872 0 0 0 0 0 0 0 0 0 0 0 0 0 0 0 0.559341 0.564404
0.566935 0 0 0 0 0 0 0 0 0 0 0 0 0 0 0 0.564404 0.569466
0.571997 0 0 0 0 0 0 0 0 0 0 0 0 0 0 0 0.569466 0.574528
0.577060 0 0 0 0 0 0 0 0 0 0 0 0 0 0 0 0.574528 0.579592
0.582123 0 0 0 0 0 0 0 0 0 0 0 0 0 0 0 0.579592 0.584654
0.587185 0 0 0 0 0 0 0 0 0 0 0 0 0 0 0 0.584654 0.589717
0.592248 0 0 0 0 0 0 0 0 0 0 0 0 0 0 0 0.589717 0.594779
0.597310 0 0 0 0 0 0 0 0 0 0 0 0 0 0 0 0.594779 0.599841
0.602373 0 0 0 0 0 0 0 0 0 0 0 0 0 0 0 0.599841 0.604904
0.607435 0 0 0 0 0 0 0 0 0 0 0 0 0 0 0 0.604904 0.609967
0.612498 0 0 0 0 0 0 0 0 0 0 0 0 0 0 0 0.609967 0.615029
0.617560 0 0 0 0 0 0 0 0 0 0 0 0 0 0 0 0.615029 0.620092
0.622623 0 0 0 0 0 0 0 0 0 0 0 0 0 0 0 0.620092 0.625154
0.627685 0 0 0 0 0 0 0 0 0 0 0 0 0 0 0 0.625154 0.630216
0.632748 0 0 0 0 0 0 0 0 0 0 0 0 0 0 0 0.630216 0.635279
0.637810 0 0 0 0 0 0 0 0 0 0 0 0 0 0 0 0.635279 0.640342
0.642873 0 0 0 0 0 0 0 0 0 0 0 0 0 0 0 0.640342 0.645404
0.647935 0 0 0 0 0 0 0 0 0 0 0 0 0 0 0 0.645404 0.650466
0.652998 0 0 0 0 0 0 0 0 0 0 0 0 0 0 0 0.650466 0.655529
0.658060 0 0 0 0 0 0 0 0 0 0 0 0 0 0 0 0.655529 0.660591
0.663123 0 0 0 0 0 0 0 0 0 0 0 0 0 0 0 0.660591 0.665654
0.668185 0 0 0 0 0 0 0 0 0 0 0 0 0 0 0 0.665654 0.670717
0.673248 0 0 0 0 0 0 0 0 0 0 0 0 0 0 0 0.670717 0.675779
0.678310 0 0 0 0 0 0 0 0 0 0 0 0 0 0 0 0.675779 0.680841
0.684006 0 0 0 0 0 0 0 0 0 0 0 0 0 0 0 0.680841 0.687170
0.690967 0 0 0 0 0 0 0 0 0 0 0 0 0 0 0 0.687170 0.694764
0.698560 0 0 0 0 0 0 0 0 0 0 0 0 0 0 0 0.694764 0.702357
0.706154 0 0 0 0 0 0 0 0 0 0 0 0 0 0 0 0.702357 0.709951
0.713748 0 0 0 0 0 0 0 0 0 0 0 0 0 0 0 0.709951 0.717545
0.721342 0 0 0 0 0 0 0 0 0 0 0 0 0 0 0 0.717545 0.725139
0.728935 0 0 0 0 0 0 0 0 0 0 0 0 0 0 0 0.725139 0.732732
0.736529 0 0 0 0 0 0 0 0 0 0 0 0 0 0 0 0.732732 0.740326
0.744123 0 0 0 0 0 0 0 0 0 0 0 0 0 0 0 0.740326 0.747920
0.751717 0 0 0 0 0 0 0 0 0 0 0 0 0 0 0 0.747920 0.755513
0.759310 0 0 0 0 0 0 0 0 0 0 0 0 0 0 0 0.755513 0.763107
0.766904 0 0 0 0 0 0 0 0 0 0 0 0 0 0 0 0.763107 0.770701
0.774498 0 0 0 0 0 0 0 0 0 0 0 0 0 0 0 0.770701 0.778295
0.782092 0 0 0 0 0 0 0 0 0 0 0 0 0 0 0 0.778295 0.785888
0.789685 0 0 0 0 0 0 0 0 0 0 0 0 0 0 0 0.785888 0.793482
0.797279 0 0 0 0 0 0 0 0 0 0 0 0 0 0 0 0.793482 0.801076
0.804873 0 0 0 0 0 0 0 0 0 0 0 0 0 0 0 0.801076 0.808670
0.812467 0 0 0 0 0 0 0 0 0 0 0 0 0 0 0 0.808670 0.816263
0.820060 0 0 0 0 0 0 0 0 0 0 0 0 0 0 0 0.816263 0.823857
0.827654 0 0 0 0 0 0 0 0 0 0 0 0 0 0 0 0.823857 0.831451
0.835248 0 0 0 0 0 0 0 0 0 0 0 0 0 0 0 0.831451 0.839045
0.842842 0 0 0 0 0 0 0 0 0 0 0 0 0 0 0 0.839045 0.846639
0.850435 0 0 0 0 0 0 0 0 0 0 0 0 0 0 0 0.846639 0.854232
0.858029 0 0 0 0 0 0 0 0 0 0 0 0 0 0 0 0.854232 0.861826
0.865623 0 0 0 0 0 0 0 0 0 0 0 0 0 0 0 0.861826 0.869420
0.873217 0 0 0 0 0 0 0 0 0 0 0 0 0 0 0 0.869420 0.877014
0.880810 0 0 0 0 0 0 0 0 0 0 0 0 0 0 0 0.877014 0.884607
0.888404 0 0 0 0 0 0 0 0 0 0 0 0 0 0 0 0.884607 0.892201
0.895998 0 0 0 0 0 0 0 0 0 0 0 0 0 0 0 0.892201 0.899795
0.903592 0 0 0 0 0 0 0 0 0 0 0 0 0 0 0 0.899795 0.907389
0.911185 0 0 0 0 0 0 0 0 0 0 0 0 0 0 0 0.907389 0.914982
0.918779 0 0 0 0 0 0 0 0 0 0 0 0 0 0 0 0.914982 0.922576
0.926373 0 0 0 0 0 0 0 0 0 0 0 0 0 0 0 0.922576 0.930170
0.933967 0 0 0 0 0 0 0 0 0 0 0 0 0 0 0 0.930170 0.937763
0.941560 0 0 0 0 0 0 0 0 0 0 0 0 0 0 0 0.937763 0.945357
0.949154 0 0 0 0 0 0 0 0 0 0 0 0 0 0 0 0.945357 0.952951
0.956748 0 0 0 0 0 0 0 0 0 0 0 0 0 0 0 0.952951 0.960545
0.964342 0 0 0 0 0 0 0 0 0 0 0 0 0 0 0 0.960545 0.968138
0.971935 0 0 0 0 0 0 0 0 0 0 0 0 0 0 0 0.968138 0.975732
0.979529 0 0 0 0 0 0 0 0 0 0 0 0 0 0 0 0.975732 0.983326
0.987123 0 0 0 0 0 0 0 0 0 0 0 0 0 0 0 0.983326 0.990920
0.994717 0 0 0 0 0 0 0 0 0 0 0 0 0 0 0 0.990920 0.998514
1.000412 0 0 0 0 0 0 0 0 0 0 0 0 0 0 0 0.998514 1.002310
