#Peak halo mass range: 11.375 < log10(Mh/Msun) < 11.625
#Quenched threshold: True SFR / True SM < 1e-11 / yr
#True SFHs in units of Msun/yr.
#See documentation for explanation of true vs. observed SFRs and SMs.
#Bestfit halos in bin: 210666
#Bestfit SF halos in bin: 157373
#Bestfit Q halos in bin: 53293
#Bestfit central halos in bin: 146715
#Bestfit satellite halos in bin: 63951
#Avg_scale_factor <SFH_all> Err+ Err- <SFH_SF> Err+ Err- <SFH_Q> Err+ Err- <SFH_Cen> Err+ Err- <SFH_Sat> Err+ Err- Scale_factor_begin Scale_factor_end
0.028936 3.40247e-09 7.13196e-06 3.40247e-09 0 1.69024e-08 0 1.34499e-08 2.23499e-05 1.34499e-08 0 0 0 1.12084e-08 2.35969e-05 1.12084e-08 0.000000 0.057873
0.059561 1.14606e-05 0.000133688 9.17256e-06 1.31321e-06 1.64639e-05 1.12972e-06 4.14256e-05 0.000447651 3.73471e-05 1.4086e-06 3.3274e-06 1.37558e-06 3.45216e-05 0.000451217 2.83572e-05 0.057873 0.061248
0.062373 2.81095e-05 0.000137957 2.12849e-05 1.07771e-05 3.56771e-05 9.59189e-06 7.92918e-05 0.000379031 6.58256e-05 1.6133e-05 2.6905e-05 1.50735e-05 5.55858e-05 0.00035159 4.26381e-05 0.061248 0.063498
0.064623 9.06472e-05 0.000255847 6.50802e-05 5.66728e-05 0.000103723 4.94256e-05 0.000190973 0.000704903 0.000143807 5.22681e-05 7.43183e-05 4.73258e-05 0.000178696 0.000629226 0.000125131 0.063498 0.065748
0.066873 0.000164767 0.000374712 0.000117893 8.68001e-05 0.000125271 6.92991e-05 0.000395001 0.000931065 0.000289599 8.23161e-05 0.000102467 7.22352e-05 0.000353923 0.000960742 0.000240646 0.065748 0.067998
0.069123 0.000330708 0.000634163 0.000243151 0.000198682 0.000298921 0.000152583 0.000720575 0.00137991 0.000539512 0.000182946 0.000191236 0.000157823 0.000669699 0.0016077 0.000463896 0.067998 0.070248
0.071373 0.000800309 0.000947913 0.000584841 0.000496892 0.000450353 0.000368468 0.00169629 0.00246773 0.00121919 0.000427403 0.000379926 0.000350992 0.00165582 0.00249767 0.0011488 0.070248 0.072498
0.073623 0.00145202 0.00110269 0.00101922 0.00103119 0.000901602 0.000773278 0.00269476 0.00278164 0.00184733 0.000713834 0.000623321 0.000561166 0.00314557 0.00301041 0.00217799 0.072498 0.074748
0.075873 0.00201515 0.00163508 0.00142144 0.00155818 0.0013553 0.00116054 0.00336455 0.00360626 0.0023295 0.00112675 0.0010076 0.000857456 0.00405328 0.0039104 0.00281379 0.074748 0.076998
0.078123 0.00304345 0.00240916 0.00211141 0.00229121 0.00187999 0.00166677 0.00526479 0.0038571 0.0035112 0.00169062 0.0013842 0.00123095 0.00614708 0.00474853 0.00417966 0.076998 0.079248
0.080373 0.00452036 0.00332994 0.00303915 0.00344609 0.00262374 0.00235394 0.00769268 0.00528753 0.00482143 0.00264218 0.00207384 0.00180258 0.00882925 0.00622213 0.00570122 0.079248 0.081498
0.082904 0.00546892 0.00408944 0.00345173 0.00448391 0.00315021 0.00284999 0.00837762 0.00662531 0.00521066 0.00352937 0.00271258 0.00224295 0.00991859 0.00721588 0.0062566 0.081498 0.084311
0.085998 0.00887163 0.00635672 0.0052755 0.0071794 0.00515786 0.0042833 0.0138687 0.00961134 0.00815192 0.00581848 0.0043261 0.00345931 0.0158761 0.0110134 0.00938718 0.084311 0.087685
0.089373 0.0122236 0.00768021 0.00685152 0.0100282 0.00638131 0.00565852 0.0187068 0.0114409 0.00992389 0.00811261 0.00514269 0.00468465 0.0216551 0.0133854 0.0119574 0.087685 0.091061
0.092748 0.015747 0.00904463 0.00840113 0.0128032 0.00753629 0.00686045 0.0244401 0.0137949 0.0122089 0.0104533 0.00673738 0.00562565 0.0278916 0.016036 0.0143446 0.091061 0.094435
0.096123 0.0198705 0.0101211 0.00989252 0.0162647 0.0085232 0.00792886 0.0305183 0.016006 0.0140933 0.013191 0.0074448 0.00619061 0.0351944 0.0180348 0.0170391 0.094435 0.097811
0.099498 0.0241852 0.0113141 0.0108324 0.0199458 0.00976305 0.00869472 0.0367043 0.0174051 0.0155745 0.0164615 0.0088177 0.00727671 0.0419048 0.0194486 0.0184629 0.097811 0.101186
0.102873 0.0288758 0.0122998 0.0114827 0.0238728 0.0103753 0.00974575 0.0436495 0.0183608 0.0167893 0.0201163 0.00938183 0.00826913 0.0489717 0.0194594 0.019157 0.101186 0.104560
0.106248 0.033551 0.0129643 0.012425 0.0277627 0.011174 0.0105153 0.0506435 0.019142 0.0176669 0.0239193 0.0105592 0.00904738 0.0556478 0.0218209 0.0205992 0.104560 0.107936
0.109623 0.0401739 0.0139732 0.0137261 0.0323834 0.0125176 0.0115716 0.0631788 0.0217441 0.0216184 0.0282727 0.0111324 0.00969452 0.0674772 0.0227289 0.022977 0.107936 0.111310
0.112998 0.044385 0.0155047 0.0135783 0.0364726 0.0132019 0.0115429 0.0677503 0.023754 0.0209421 0.0317284 0.0122355 0.00992558 0.0734216 0.0256216 0.023675 0.111310 0.114686
0.116373 0.0484873 0.0166791 0.0134214 0.0400845 0.0137554 0.0117507 0.0733009 0.0226982 0.0211935 0.0348002 0.012871 0.00990191 0.079888 0.0242331 0.0230888 0.114686 0.118060
0.119748 0.0527824 0.0169271 0.0144575 0.0434313 0.0142034 0.0116974 0.0803959 0.0252407 0.0213132 0.0374981 0.0129146 0.00990376 0.0878473 0.0262487 0.0234355 0.118060 0.121435
0.123123 0.056965 0.0179342 0.0142172 0.0474983 0.0147669 0.0123473 0.08492 0.026583 0.020542 0.0407179 0.013814 0.0100349 0.094239 0.0276194 0.0239141 0.121435 0.124811
0.126498 0.0625439 0.0186723 0.0145413 0.0517274 0.0163213 0.0118626 0.094485 0.0275326 0.0213541 0.0445005 0.0144384 0.0102148 0.103939 0.0309837 0.0258641 0.124811 0.128185
0.129873 0.0681981 0.0197462 0.0162385 0.056346 0.0174688 0.0131082 0.103197 0.0289534 0.0227329 0.0489345 0.0153914 0.0105412 0.112392 0.0325046 0.027018 0.128185 0.131561
0.133248 0.0749431 0.0216103 0.0173576 0.0612955 0.017057 0.0141487 0.115244 0.0329285 0.024375 0.053436 0.0156007 0.0120053 0.124284 0.0349681 0.0286281 0.131561 0.134935
0.137045 0.0810084 0.0223155 0.0177506 0.0663743 0.0182978 0.0151512 0.124222 0.0330414 0.0255406 0.0579133 0.0165758 0.0126054 0.133993 0.0354646 0.0295353 0.134935 0.139154
0.141685 0.0904364 0.0241411 0.0192711 0.0744417 0.020097 0.016119 0.137668 0.0378532 0.0279609 0.0641516 0.0179026 0.0136452 0.150738 0.038504 0.0329278 0.139154 0.144217
0.146748 0.100407 0.024389 0.0204909 0.0832815 0.0207921 0.0176633 0.150978 0.0399671 0.0307492 0.0705898 0.0197207 0.0144865 0.168812 0.0391482 0.0389863 0.144217 0.149279
0.151810 0.109271 0.0279622 0.0229142 0.0905359 0.022941 0.0197902 0.164595 0.0416757 0.0355255 0.0769674 0.0201541 0.0162578 0.183381 0.0446054 0.0406259 0.149279 0.154342
0.156873 0.119161 0.0275218 0.0263106 0.098745 0.024434 0.0222772 0.179447 0.0432419 0.0396248 0.0834878 0.023423 0.0171042 0.201 0.0454596 0.0461159 0.154342 0.159404
0.161935 0.128831 0.028392 0.0283533 0.105579 0.0270337 0.0239377 0.197493 0.0489716 0.0444584 0.0897697 0.0245974 0.0189292 0.218443 0.0466631 0.0490688 0.159404 0.164467
0.166998 0.138623 0.0321273 0.0306867 0.1138 0.0280233 0.0251592 0.211923 0.0512761 0.04561 0.0961413 0.0253593 0.0196467 0.236082 0.051499 0.0529597 0.164467 0.169529
0.172060 0.147279 0.0316851 0.0324189 0.1206 0.0289756 0.0256735 0.226059 0.0533932 0.0495318 0.101649 0.0259901 0.0214133 0.25196 0.0517976 0.0568064 0.169529 0.174591
0.177123 0.156585 0.0340253 0.0340089 0.127858 0.0312262 0.0268917 0.241413 0.0562752 0.0521406 0.108044 0.0261185 0.0223646 0.267946 0.0580742 0.0595374 0.174591 0.179654
0.182185 0.166135 0.0360602 0.0354302 0.13521 0.0297877 0.0288224 0.257454 0.0572656 0.0557081 0.114546 0.0267286 0.0231963 0.284489 0.0577001 0.0638835 0.179654 0.184716
0.187248 0.174751 0.0383309 0.0379604 0.142109 0.0307613 0.0307305 0.271145 0.0568424 0.0619762 0.120244 0.0274427 0.0244174 0.2998 0.0593773 0.0672897 0.184716 0.189779
0.192310 0.18379 0.0389561 0.041463 0.148984 0.0327277 0.0315796 0.286569 0.0578588 0.0666605 0.125789 0.0290878 0.0264934 0.316853 0.0577624 0.0714381 0.189779 0.194842
0.197373 0.194035 0.0418599 0.0425336 0.1564 0.0348961 0.0343378 0.305169 0.0591191 0.073347 0.132315 0.0304448 0.0280885 0.335629 0.0584198 0.0778481 0.194842 0.199904
0.202435 0.203656 0.0438575 0.0433049 0.16313 0.0376537 0.0357558 0.323328 0.0690065 0.0773308 0.138 0.0337577 0.029782 0.354281 0.0604581 0.0831374 0.199904 0.204967
0.207498 0.212877 0.045263 0.0470184 0.171127 0.0393346 0.0371842 0.336164 0.0656061 0.0793913 0.144073 0.037335 0.0319895 0.370727 0.0653843 0.0911664 0.204967 0.210029
0.212560 0.221471 0.0490636 0.0494423 0.177095 0.0415553 0.0381755 0.352515 0.0735916 0.0823523 0.149509 0.0363431 0.0324048 0.386567 0.0765708 0.0933651 0.210029 0.215091
0.217623 0.22914 0.0514843 0.0533944 0.183373 0.0429174 0.0400083 0.364287 0.0719131 0.0891854 0.154509 0.0375827 0.0345206 0.400355 0.074857 0.101218 0.215091 0.220154
0.222685 0.238245 0.0509063 0.0570072 0.190585 0.0446904 0.0419517 0.378984 0.0672309 0.0950277 0.160382 0.0382435 0.0352543 0.416877 0.0738857 0.108425 0.220154 0.225217
0.227748 0.247125 0.0515083 0.0600023 0.198803 0.0464444 0.0442402 0.389817 0.0746105 0.0953082 0.166755 0.0406442 0.0359833 0.431506 0.0769376 0.113541 0.225217 0.230279
0.232810 0.256913 0.0518028 0.0637456 0.206217 0.0468766 0.0470743 0.406617 0.0786523 0.099398 0.173186 0.0398436 0.037945 0.448999 0.0812659 0.122216 0.230279 0.235342
0.237873 0.266234 0.0506536 0.0673139 0.213811 0.0480797 0.0516652 0.421038 0.0827251 0.10291 0.179343 0.0412176 0.0407113 0.465578 0.0826345 0.127141 0.235342 0.240404
0.242935 0.274884 0.0489331 0.0725188 0.221426 0.0469727 0.0565341 0.432747 0.0895973 0.10706 0.185199 0.0453741 0.0419772 0.480639 0.090535 0.130394 0.240404 0.245467
0.247998 0.284879 0.0482734 0.0779126 0.229489 0.0454283 0.0596452 0.448443 0.0912312 0.116037 0.192366 0.0441973 0.0449276 0.497119 0.092748 0.137817 0.245467 0.250529
0.253060 0.293302 0.0512555 0.0797035 0.23762 0.0427883 0.0633843 0.457729 0.0956875 0.117786 0.198154 0.0439652 0.0474156 0.511588 0.105738 0.139594 0.250529 0.255592
0.258123 0.30346 0.057038 0.0831061 0.246745 0.041855 0.0680532 0.47094 0.107366 0.122222 0.204804 0.0439896 0.0500879 0.529795 0.105999 0.148849 0.255592 0.260654
0.263185 0.313667 0.0624779 0.0858435 0.254448 0.0468518 0.0708454 0.488543 0.108422 0.12938 0.211163 0.0418681 0.0527692 0.548831 0.107451 0.157471 0.260654 0.265716
0.268248 0.324557 0.0638074 0.0904344 0.263431 0.0510896 0.074155 0.50506 0.112359 0.136285 0.217821 0.0410841 0.0562017 0.569428 0.11368 0.163548 0.265716 0.270779
0.273310 0.335254 0.0692802 0.0923821 0.2718 0.0559886 0.0778788 0.522631 0.110135 0.143256 0.224276 0.0455524 0.0579823 0.589855 0.115016 0.170973 0.270779 0.275842
0.278373 0.345592 0.0725475 0.0985849 0.280246 0.0587255 0.0831984 0.538559 0.116303 0.149608 0.230693 0.0505127 0.0605036 0.609193 0.129144 0.177382 0.275842 0.280904
0.283435 0.353549 0.0771729 0.102634 0.288803 0.0614235 0.0852732 0.544742 0.125196 0.149309 0.237741 0.0515307 0.0632205 0.619233 0.137838 0.182424 0.280904 0.285967
0.288498 0.362657 0.0791492 0.107519 0.298304 0.0657758 0.0885017 0.55269 0.131585 0.153169 0.244624 0.0550334 0.0667033 0.633444 0.146976 0.188198 0.285967 0.291029
0.293560 0.373157 0.0834692 0.108685 0.306269 0.0674829 0.0915478 0.570674 0.14423 0.158286 0.251306 0.0583829 0.0702403 0.652703 0.152429 0.196742 0.291029 0.296091
0.298623 0.385215 0.087548 0.115168 0.315945 0.0671719 0.096383 0.589768 0.14809 0.164021 0.259234 0.0619867 0.0732815 0.674236 0.163742 0.199972 0.296091 0.301154
0.303685 0.396156 0.0889612 0.120377 0.324164 0.068333 0.0988483 0.608748 0.157717 0.171273 0.266292 0.0653399 0.0758106 0.694089 0.165938 0.206631 0.301154 0.306217
0.308748 0.408243 0.0926987 0.124463 0.333481 0.0701301 0.103579 0.629013 0.154287 0.178112 0.274343 0.0677657 0.0789148 0.715433 0.175049 0.214858 0.306217 0.311279
0.313810 0.418743 0.0955381 0.129151 0.343193 0.0722145 0.10822 0.641841 0.157588 0.182311 0.282413 0.0711708 0.0827589 0.731508 0.180061 0.21984 0.311279 0.316341
0.318873 0.430531 0.100813 0.134071 0.353828 0.0746635 0.111766 0.657035 0.169475 0.183218 0.290327 0.0701582 0.0863811 0.752186 0.189097 0.219631 0.316341 0.321404
0.323935 0.442632 0.103812 0.138918 0.364641 0.076636 0.11469 0.672938 0.176025 0.185467 0.297449 0.0718048 0.0895899 0.775709 0.196951 0.231377 0.321404 0.326466
0.328997 0.455752 0.108561 0.142154 0.376377 0.0809588 0.117755 0.690146 0.189613 0.18694 0.30602 0.072497 0.0936659 0.799264 0.20957 0.233839 0.326466 0.331528
0.334060 0.469171 0.115848 0.147114 0.387595 0.0849246 0.120527 0.710064 0.194009 0.194579 0.314428 0.0754823 0.0966327 0.824179 0.215995 0.24543 0.331528 0.336591
0.339122 0.481916 0.121409 0.150628 0.39847 0.0887177 0.125978 0.728328 0.200641 0.197112 0.322794 0.0798478 0.0996646 0.846969 0.221503 0.242115 0.336591 0.341653
0.344185 0.493601 0.12872 0.151898 0.407444 0.0936446 0.128768 0.748022 0.20543 0.201294 0.329653 0.0817177 0.102088 0.869728 0.231335 0.245143 0.341653 0.346716
0.349247 0.505622 0.135836 0.153189 0.418609 0.100431 0.134374 0.762571 0.215623 0.204077 0.33825 0.0838436 0.104346 0.889602 0.237568 0.245306 0.346716 0.351779
0.354310 0.518036 0.140682 0.1572 0.430695 0.108285 0.137306 0.775952 0.227744 0.205638 0.347836 0.0897864 0.108453 0.908504 0.24555 0.2491 0.351779 0.356841
0.359372 0.532188 0.142762 0.158907 0.443819 0.112951 0.140053 0.793139 0.231678 0.206476 0.357846 0.096281 0.112798 0.932159 0.243401 0.25467 0.356841 0.361903
0.364435 0.546474 0.145645 0.161519 0.45614 0.116229 0.143745 0.81323 0.242668 0.210807 0.367505 0.102796 0.115903 0.957062 0.248905 0.260108 0.361903 0.366966
0.369497 0.559859 0.152148 0.164426 0.467707 0.121607 0.148035 0.831984 0.258902 0.212233 0.376736 0.108715 0.117565 0.979976 0.259103 0.262913 0.366966 0.372028
0.374560 0.575338 0.156389 0.166436 0.482183 0.128672 0.151777 0.850423 0.271096 0.209067 0.387569 0.112281 0.119807 1.00611 0.265062 0.266925 0.372028 0.377091
0.379622 0.591205 0.159217 0.168108 0.496577 0.135955 0.157348 0.87064 0.272858 0.212816 0.397683 0.11543 0.12201 1.03518 0.268264 0.273567 0.377091 0.382154
0.384685 0.606721 0.163007 0.169887 0.510397 0.135938 0.159733 0.891164 0.275724 0.21065 0.408153 0.118618 0.124912 1.06227 0.281927 0.276707 0.382154 0.387216
0.389747 0.625436 0.165742 0.174179 0.526451 0.140056 0.165044 0.917736 0.277504 0.216772 0.419581 0.121823 0.126887 1.09771 0.280259 0.289761 0.387216 0.392278
0.394810 0.640544 0.177199 0.175243 0.540535 0.145627 0.168013 0.935868 0.28509 0.212751 0.430342 0.124738 0.128447 1.12279 0.285876 0.287051 0.392278 0.397341
0.399872 0.658831 0.179321 0.180147 0.556833 0.152593 0.170396 0.960029 0.285621 0.213659 0.442786 0.127892 0.129959 1.15448 0.292665 0.28858 0.397341 0.402404
0.404935 0.678405 0.182322 0.184628 0.575363 0.157312 0.173164 0.982684 0.289599 0.216923 0.456849 0.131507 0.131878 1.18669 0.297012 0.299075 0.402404 0.407466
0.409997 0.699834 0.183549 0.187629 0.593987 0.162537 0.176086 1.0124 0.287676 0.224319 0.471106 0.134972 0.133629 1.22458 0.29298 0.308134 0.407466 0.412529
0.415060 0.719334 0.185772 0.191169 0.612647 0.166041 0.180164 1.03438 0.296488 0.221312 0.48425 0.137617 0.135097 1.25866 0.294629 0.313974 0.412529 0.417591
0.420122 0.741454 0.186143 0.193162 0.632814 0.168543 0.181559 1.06227 0.30961 0.221888 0.498469 0.140185 0.135754 1.2989 0.289153 0.316801 0.417591 0.422653
0.425185 0.760137 0.185817 0.194673 0.649881 0.169596 0.183444 1.08572 0.312274 0.223366 0.51002 0.141599 0.137022 1.33395 0.292144 0.321112 0.422653 0.427716
0.430247 0.783154 0.185286 0.19764 0.670864 0.170652 0.186961 1.11475 0.324708 0.22873 0.526292 0.143862 0.140147 1.37244 0.298412 0.32669 0.427716 0.432779
0.435310 0.808058 0.186094 0.201452 0.693016 0.173526 0.191086 1.14777 0.350012 0.230737 0.544182 0.146423 0.140681 1.41344 0.31466 0.33012 0.432779 0.437841
0.440372 0.831146 0.195358 0.206771 0.715939 0.174224 0.195245 1.17135 0.360689 0.227537 0.56154 0.148317 0.144251 1.44967 0.328541 0.333485 0.437841 0.442903
0.445435 0.85705 0.203644 0.210666 0.738352 0.176484 0.198962 1.20756 0.356259 0.231176 0.579356 0.150179 0.145092 1.49413 0.339827 0.344042 0.442903 0.447966
0.450497 0.881488 0.213349 0.214357 0.761248 0.177659 0.203178 1.23656 0.353897 0.237351 0.596717 0.151551 0.145948 1.5348 0.346964 0.351797 0.447966 0.453029
0.455560 0.908406 0.220658 0.217982 0.786253 0.178453 0.205492 1.26912 0.35034 0.247534 0.616735 0.152939 0.150795 1.57755 0.359669 0.35803 0.453029 0.458091
0.460622 0.936786 0.222909 0.222793 0.813014 0.179345 0.210457 1.30228 0.355154 0.258489 0.639335 0.154223 0.153924 1.61919 0.370293 0.364602 0.458091 0.463154
0.465685 0.967737 0.225642 0.228877 0.842474 0.178779 0.217731 1.33764 0.370852 0.267562 0.663227 0.161179 0.158696 1.66634 0.371063 0.373302 0.463154 0.468216
0.470747 0.99725 0.229891 0.234652 0.871052 0.191809 0.221794 1.36991 0.375808 0.277371 0.685557 0.169559 0.162473 1.71233 0.380402 0.384662 0.468216 0.473278
0.475810 1.02938 0.232397 0.238868 0.904476 0.206329 0.231306 1.39824 0.394434 0.288401 0.709699 0.178076 0.165993 1.7628 0.392283 0.40066 0.473278 0.478341
0.480872 1.05873 0.241638 0.241087 0.9357 0.200616 0.23565 1.42204 0.408646 0.298665 0.73445 0.186306 0.169607 1.80269 0.402318 0.406979 0.478341 0.483404
0.485935 1.09179 0.253607 0.247156 0.96918 0.210106 0.243567 1.45386 0.408545 0.30712 0.760946 0.187388 0.176279 1.85081 0.417578 0.419941 0.483404 0.488466
0.490997 1.1217 0.252391 0.254207 1.00088 0.210405 0.252724 1.47848 0.426558 0.314427 0.78589 0.195649 0.179775 1.8921 0.430787 0.431467 0.488466 0.493528
0.496060 1.15323 0.250713 0.261007 1.03424 0.223384 0.26103 1.50463 0.446166 0.321716 0.813978 0.204642 0.184276 1.93155 0.439242 0.438766 0.493528 0.498591
0.501122 1.18333 0.255176 0.267354 1.06535 0.220835 0.267254 1.53172 0.445971 0.330466 0.840942 0.210341 0.190056 1.96884 0.448447 0.441922 0.498591 0.503654
0.506185 1.21285 0.265311 0.27076 1.09653 0.226122 0.27268 1.55635 0.456352 0.335807 0.866445 0.204375 0.194532 2.00757 0.461593 0.450264 0.503654 0.508716
0.511247 1.24264 0.278257 0.277396 1.129 0.23049 0.28165 1.57821 0.462629 0.339305 0.895464 0.204858 0.201117 2.03912 0.479084 0.459486 0.508716 0.513778
0.516310 1.27514 0.286816 0.288812 1.16505 0.237805 0.294461 1.60023 0.484253 0.344619 0.92512 0.205385 0.208063 2.07815 0.492059 0.47507 0.513778 0.518841
0.521372 1.30551 0.296775 0.296916 1.1992 0.246939 0.307166 1.61943 0.486823 0.345119 0.95369 0.205427 0.215408 2.11264 0.505335 0.491897 0.518841 0.523903
0.526435 1.33604 0.302924 0.305583 1.23471 0.256118 0.320167 1.63524 0.494749 0.348804 0.983699 0.206211 0.222485 2.14436 0.510367 0.501882 0.523903 0.528966
0.531497 1.36613 0.307932 0.315502 1.26838 0.266638 0.327159 1.65479 0.49385 0.351571 1.01409 0.215068 0.232983 2.17375 0.524268 0.500796 0.528966 0.534029
0.536560 1.3958 0.303231 0.32254 1.30373 0.275847 0.340019 1.66766 0.499142 0.33608 1.04482 0.217648 0.242683 2.20099 0.52718 0.530132 0.534029 0.539091
0.541622 1.42474 0.309476 0.331045 1.33762 0.283126 0.347892 1.68201 0.537974 0.327395 1.07341 0.227937 0.252983 2.23077 0.550653 0.531912 0.539091 0.544153
0.546685 1.45122 0.313894 0.34154 1.36937 0.289922 0.359384 1.69291 0.56947 0.337332 1.10145 0.242138 0.260531 2.25364 0.556408 0.547486 0.544153 0.549216
0.551747 1.47612 0.317863 0.351287 1.40198 0.280971 0.370009 1.69506 0.573052 0.34059 1.13075 0.242116 0.272675 2.26846 0.558849 0.55115 0.549216 0.554278
0.556810 1.50053 0.325298 0.361622 1.43334 0.290346 0.381194 1.69893 0.569458 0.340464 1.1594 0.238701 0.283467 2.28314 0.580152 0.54642 0.554278 0.559341
0.561872 1.5213 0.330797 0.371973 1.46234 0.313138 0.39219 1.69539 0.573581 0.338865 1.18899 0.245348 0.289665 2.28367 0.586605 0.545014 0.559341 0.564404
0.566935 1.54384 0.334075 0.383972 1.49378 0.321015 0.404676 1.69164 0.577332 0.335858 1.21688 0.250341 0.299753 2.29394 0.589297 0.547716 0.564404 0.569466
0.571997 1.56242 0.339724 0.387906 1.51957 0.327203 0.420624 1.68894 0.607423 0.332625 1.24089 0.258091 0.304287 2.30007 0.579752 0.556361 0.569466 0.574528
0.577060 1.57532 0.345844 0.390984 1.54218 0.33365 0.431493 1.67317 0.614026 0.326032 1.26406 0.262195 0.311026 2.2894 0.585092 0.552312 0.574528 0.579592
0.582123 1.5918 0.354385 0.392097 1.56794 0.341918 0.441462 1.66223 0.665013 0.316567 1.28906 0.264963 0.322628 2.28632 0.591546 0.54567 0.579592 0.584654
0.587185 1.60599 0.356205 0.398108 1.59237 0.337136 0.447353 1.64622 0.672567 0.313718 1.31137 0.267736 0.3314 2.2819 0.592647 0.536354 0.584654 0.589717
0.592248 1.62021 0.357071 0.403247 1.6168 0.335529 0.452822 1.6303 0.677752 0.307362 1.33491 0.267927 0.339862 2.27474 0.589033 0.536021 0.589717 0.594779
0.597310 1.62923 0.343798 0.409651 1.63497 0.341397 0.452848 1.61228 0.682345 0.296887 1.35519 0.273441 0.347787 2.25792 0.589689 0.534801 0.594779 0.599841
0.602373 1.63941 0.344181 0.41476 1.65544 0.34751 0.457817 1.59208 0.694021 0.290263 1.3756 0.273558 0.354303 2.24464 0.611552 0.52974 0.599841 0.604904
0.607435 1.64654 0.345522 0.41643 1.6739 0.334217 0.465404 1.56574 0.692007 0.289746 1.39343 0.286312 0.359256 2.22722 0.629773 0.523335 0.604904 0.609967
0.612498 1.65327 0.351045 0.41925 1.6922 0.312993 0.475157 1.53832 0.701704 0.278781 1.41334 0.300542 0.363467 2.20372 0.615338 0.517319 0.609967 0.615029
0.617560 1.65603 0.355416 0.4173 1.70528 0.311694 0.487004 1.5106 0.682389 0.269377 1.42747 0.308302 0.367963 2.18038 0.592551 0.517099 0.615029 0.620092
0.622623 1.64381 0.373393 0.405547 1.69884 0.307049 0.468113 1.48134 0.657501 0.267126 1.42406 0.331154 0.356542 2.14797 0.597917 0.507216 0.620092 0.625154
0.627685 1.6277 0.374265 0.393175 1.68694 0.343032 0.447974 1.45277 0.66803 0.256083 1.41879 0.340263 0.345287 2.10697 0.622509 0.486504 0.625154 0.630216
0.632748 1.61049 0.401044 0.375986 1.67198 0.383902 0.426731 1.42891 0.659562 0.252683 1.41285 0.373784 0.336749 2.06391 0.615562 0.473272 0.630216 0.635279
0.637810 1.59339 0.422712 0.357031 1.65781 0.420282 0.422767 1.40318 0.663563 0.24561 1.4051 0.403706 0.32542 2.02537 0.606132 0.453154 0.635279 0.640342
0.642873 1.57439 0.42137 0.340126 1.64218 0.454522 0.411528 1.3742 0.64188 0.236256 1.39414 0.424017 0.311694 1.98791 0.621367 0.430145 0.640342 0.645404
0.647935 1.55197 0.434482 0.334186 1.62426 0.481677 0.404061 1.33851 0.607876 0.219994 1.3812 0.403233 0.30532 1.94375 0.631575 0.411935 0.645404 0.650466
0.652998 1.53505 0.438744 0.323599 1.61161 0.498165 0.40069 1.309 0.607523 0.22198 1.37561 0.420354 0.299569 1.90084 0.642068 0.398105 0.650466 0.655529
0.658060 1.51463 0.460749 0.310663 1.5928 0.517039 0.382963 1.28379 0.587621 0.221104 1.36277 0.456285 0.292279 1.86301 0.620216 0.383994 0.655529 0.660591
0.663123 1.49218 0.476265 0.297448 1.57329 0.519605 0.372772 1.25267 0.561303 0.22074 1.34867 0.482829 0.284606 1.82141 0.592763 0.372485 0.660591 0.665654
0.668185 1.47348 0.495009 0.287648 1.55598 0.523176 0.357694 1.22986 0.539048 0.221222 1.33605 0.458766 0.272553 1.78877 0.584065 0.356337 0.665654 0.670717
0.673248 1.44636 0.509423 0.273359 1.53253 0.523892 0.343266 1.1919 0.506807 0.221232 1.31894 0.450561 0.265611 1.73868 0.56104 0.349252 0.670717 0.675779
0.678310 1.42106 0.506975 0.266385 1.50839 0.530092 0.334236 1.16319 0.478309 0.221118 1.30022 0.471262 0.261108 1.69831 0.551883 0.330674 0.675779 0.680841
0.684006 1.39918 0.516779 0.258633 1.49021 0.532613 0.319749 1.13037 0.456352 0.222955 1.28707 0.487896 0.259335 1.65638 0.533286 0.322836 0.680841 0.687170
0.690967 1.36339 0.531021 0.243415 1.45562 0.563492 0.313163 1.09104 0.442567 0.224887 1.26149 0.478717 0.24416 1.59715 0.51804 0.304949 0.687170 0.694764
0.698560 1.32598 0.527232 0.236728 1.42236 0.563295 0.305668 1.04139 0.457812 0.22199 1.2336 0.494448 0.230192 1.53793 0.480634 0.287614 0.694764 0.702357
0.706154 1.28923 0.508768 0.225468 1.38768 0.5676 0.292043 0.998532 0.41814 0.216763 1.20558 0.509043 0.219283 1.48114 0.476366 0.282621 0.702357 0.709951
0.713748 1.2522 0.513218 0.214166 1.35225 0.556587 0.272583 0.956776 0.385325 0.214702 1.17895 0.502173 0.202427 1.42026 0.466978 0.273275 0.709951 0.717545
0.721342 1.21608 0.516825 0.204682 1.31673 0.544454 0.25114 0.918859 0.347262 0.203966 1.14995 0.493924 0.19521 1.36779 0.441517 0.265476 0.717545 0.725139
0.728935 1.17896 0.520911 0.19679 1.27955 0.544319 0.233082 0.881924 0.350741 0.204873 1.12063 0.488166 0.184978 1.31278 0.416375 0.253691 0.725139 0.732732
0.736529 1.1461 0.500225 0.186693 1.24523 0.544197 0.22566 0.85338 0.360661 0.205534 1.09308 0.495643 0.172666 1.26776 0.393852 0.247028 0.732732 0.740326
0.744123 1.11209 0.479046 0.177479 1.20994 0.540232 0.209443 0.82313 0.337654 0.195735 1.06489 0.469735 0.163054 1.22037 0.374312 0.241332 0.740326 0.747920
0.751717 1.07715 0.453937 0.170253 1.17644 0.519192 0.193718 0.783954 0.316308 0.19545 1.03487 0.45704 0.155535 1.17416 0.353075 0.234545 0.747920 0.755513
0.759310 1.04582 0.423744 0.167109 1.14847 0.498463 0.180794 0.742689 0.279074 0.203455 1.01069 0.452953 0.149029 1.12641 0.349358 0.229819 0.755513 0.763107
0.766904 1.01603 0.396024 0.161171 1.12406 0.479884 0.173013 0.697025 0.250732 0.202267 0.984145 0.421772 0.144425 1.08919 0.330486 0.235721 0.763107 0.770701
0.774498 0.986551 0.37266 0.153439 1.09947 0.473054 0.176735 0.653116 0.232138 0.201775 0.959234 0.413503 0.140623 1.04922 0.301064 0.234872 0.770701 0.778295
0.782092 0.958465 0.35237 0.153213 1.07435 0.463665 0.186403 0.616266 0.203382 0.202597 0.934905 0.40015 0.132428 1.01252 0.283131 0.231626 0.778295 0.785888
0.789685 0.930124 0.343336 0.151113 1.0486 0.458977 0.18223 0.58027 0.173086 0.205368 0.909249 0.390874 0.125144 0.978015 0.267929 0.219938 0.785888 0.793482
0.797279 0.902793 0.332507 0.145761 1.02614 0.453306 0.171182 0.538553 0.153106 0.197203 0.885054 0.383707 0.123976 0.943491 0.24912 0.213789 0.793482 0.801076
0.804873 0.877746 0.32468 0.140809 1.00767 0.445488 0.163103 0.49407 0.138657 0.18242 0.865909 0.377207 0.123932 0.904902 0.235979 0.208779 0.801076 0.808670
0.812467 0.850524 0.31358 0.136373 0.987982 0.433172 0.167574 0.444614 0.13145 0.168376 0.846556 0.367821 0.122441 0.859629 0.22866 0.197729 0.808670 0.816263
0.820060 0.823984 0.303599 0.131435 0.969598 0.421229 0.165767 0.39399 0.122058 0.14877 0.825696 0.353098 0.121695 0.820058 0.218271 0.192239 0.816263 0.823857
0.827654 0.79989 0.291585 0.130456 0.953606 0.408633 0.163867 0.345969 0.0977361 0.127073 0.805839 0.33671 0.121758 0.78624 0.207992 0.187471 0.823857 0.831451
0.835248 0.775882 0.283061 0.128181 0.93636 0.394282 0.159739 0.301997 0.088061 0.109501 0.787286 0.329504 0.120879 0.74972 0.196834 0.179226 0.831451 0.839045
0.842842 0.753996 0.280586 0.124781 0.92414 0.380449 0.156345 0.251566 0.0802984 0.090113 0.769976 0.324321 0.117077 0.717336 0.187128 0.167437 0.839045 0.846639
0.850435 0.729755 0.276751 0.121976 0.910948 0.361644 0.151851 0.194694 0.0603097 0.0700383 0.748844 0.309873 0.109767 0.685962 0.176356 0.157684 0.846639 0.854232
0.858029 0.708573 0.271427 0.117903 0.905845 0.362239 0.156036 0.126035 0.0354253 0.0509466 0.731403 0.299631 0.105146 0.656197 0.173918 0.155023 0.854232 0.861826
0.865623 0.688227 0.256976 0.115188 0.916848 0.356156 0.165218 0.0131147 0.00426703 0.00259847 0.713765 0.286778 0.102367 0.629637 0.169733 0.153091 0.861826 0.869420
0.873217 0 0 0 0 0 0 0 0 0 0 0 0 0 0 0 0.869420 0.877014
0.880810 0 0 0 0 0 0 0 0 0 0 0 0 0 0 0 0.877014 0.884607
0.888404 0 0 0 0 0 0 0 0 0 0 0 0 0 0 0 0.884607 0.892201
0.895998 0 0 0 0 0 0 0 0 0 0 0 0 0 0 0 0.892201 0.899795
0.903592 0 0 0 0 0 0 0 0 0 0 0 0 0 0 0 0.899795 0.907389
0.911185 0 0 0 0 0 0 0 0 0 0 0 0 0 0 0 0.907389 0.914982
0.918779 0 0 0 0 0 0 0 0 0 0 0 0 0 0 0 0.914982 0.922576
0.926373 0 0 0 0 0 0 0 0 0 0 0 0 0 0 0 0.922576 0.930170
0.933967 0 0 0 0 0 0 0 0 0 0 0 0 0 0 0 0.930170 0.937763
0.941560 0 0 0 0 0 0 0 0 0 0 0 0 0 0 0 0.937763 0.945357
0.949154 0 0 0 0 0 0 0 0 0 0 0 0 0 0 0 0.945357 0.952951
0.956748 0 0 0 0 0 0 0 0 0 0 0 0 0 0 0 0.952951 0.960545
0.964342 0 0 0 0 0 0 0 0 0 0 0 0 0 0 0 0.960545 0.968138
0.971935 0 0 0 0 0 0 0 0 0 0 0 0 0 0 0 0.968138 0.975732
0.979529 0 0 0 0 0 0 0 0 0 0 0 0 0 0 0 0.975732 0.983326
0.987123 0 0 0 0 0 0 0 0 0 0 0 0 0 0 0 0.983326 0.990920
0.994717 0 0 0 0 0 0 0 0 0 0 0 0 0 0 0 0.990920 0.998514
1.000412 0 0 0 0 0 0 0 0 0 0 0 0 0 0 0 0.998514 1.002310
