#Peak halo mass range: 12.375 < log10(Mh/Msun) < 12.625
#Quenched threshold: True SFR / True SM < 1e-11 / yr
#True SFHs in units of Msun/yr.
#See documentation for explanation of true vs. observed SFRs and SMs.
#Bestfit halos in bin: 1167
#Bestfit SF halos in bin: 843
#Bestfit Q halos in bin: 324
#Bestfit central halos in bin: 1106
#Bestfit satellite halos in bin: 61
#Avg_scale_factor <SFH_all> Err+ Err- <SFH_SF> Err+ Err- <SFH_Q> Err+ Err- <SFH_Cen> Err+ Err- <SFH_Sat> Err+ Err- Scale_factor_begin Scale_factor_end
0.028936 0.026039 -9.21004e-05 0.0256719 0.0259393 0.00020525 0.0257151 0.0262985 0.001929 0.0262638 0.0273665 -0.000142967 0.0269792 0.00197013 0.000904021 0.00196852 0.000000 0.057873
0.059561 0.312533 0.212356 0.303941 0.373952 0.213417 0.36387 0.152729 0.106366 0.148275 0.325735 0.220035 0.316708 0.0731742 0.0844991 0.0715778 0.057873 0.061248
0.062373 0.558147 0.371382 0.531039 0.667997 0.431189 0.635371 0.272334 0.319721 0.258269 0.580923 0.381014 0.553083 0.145199 0.137374 0.139032 0.061248 0.063498
0.064623 0.809732 0.322432 0.753311 0.897448 0.274265 0.83033 0.581508 0.357902 0.544828 0.833269 0.321215 0.774773 0.382982 0.369299 0.35812 0.063498 0.065748
0.066873 1.02398 0.574913 0.935496 1.16451 0.584337 1.05659 0.658324 0.518517 0.582854 1.05347 0.583128 0.963637 0.489315 0.425958 0.440588 0.065748 0.067998
0.069123 1.27586 0.71199 1.09898 1.28181 0.7052 1.10829 1.26038 0.602665 1.08568 1.30471 0.718474 1.12384 0.752756 0.594432 0.640372 0.067998 0.070248
0.071373 1.52891 1.01786 1.23073 1.65013 0.847064 1.35402 1.21351 0.943021 0.93225 1.56045 1.02139 1.25536 0.957119 0.793356 0.76443 0.070248 0.072498
0.073623 2.06896 1.19957 1.5987 2.15756 1.12802 1.6999 1.83845 1.05111 1.40531 2.04951 1.15867 1.58203 2.42158 1.62905 2.00288 0.072498 0.074748
0.075873 2.6076 1.2173 1.92299 2.82708 1.13359 2.10945 2.03654 1.25715 1.42405 2.40833 1.33066 1.75511 6.22059 2.53152 5.30169 0.074748 0.076998
0.078123 3.23087 1.36207 2.19078 3.30357 1.27739 2.2884 3.04171 1.65822 2.01729 3.02717 1.62295 2.13393 6.9241 0.397557 5.53249 0.076998 0.079248
0.080373 4.02366 1.83155 2.62439 3.81887 1.74257 2.5372 4.55649 2.06722 2.98244 3.85194 1.99666 2.58957 7.13719 1.13783 5.15164 0.079248 0.081498
0.082904 3.71142 1.8693 2.31262 3.43553 1.56798 2.15944 4.42926 2.3129 2.7653 3.62639 1.88041 2.27738 5.25311 2.21124 3.36623 0.081498 0.084311
0.085998 5.22762 2.40885 2.89211 4.45966 2.13481 2.47985 7.22572 3.18446 4.24178 5.16164 2.36454 2.89186 6.42385 3.81946 3.90903 0.084311 0.087685
0.089373 6.96403 2.92557 3.6719 5.89715 2.53382 3.07588 9.73988 3.28935 5.54942 6.87366 2.80064 3.61083 8.60243 4.20921 4.91092 0.087685 0.091061
0.092748 9.20299 3.6034 4.5623 8.51048 3.46391 4.32971 11.0048 4.655 5.64877 9.08866 3.6467 4.48307 11.2759 5.64491 6.03183 0.091061 0.094435
0.096123 11.2085 4.18387 5.27046 10.7616 3.3279 5.20298 12.3713 5.30771 5.72436 11.0681 3.90385 5.08725 13.7555 7.19395 7.11161 0.094435 0.097811
0.099498 13.2104 5.28834 5.72135 13.2056 4.92324 6.047 13.223 5.95845 5.51611 13.1452 5.08194 5.57388 14.3925 6.67079 6.92284 0.097811 0.101186
0.102873 15.9167 5.61808 6.56329 16.0809 5.16599 6.95996 15.4896 6.36402 6.06601 15.8625 5.86576 6.54226 16.899 6.59043 7.43538 0.101186 0.104560
0.106248 19.0098 5.51433 7.70222 18.2461 5.51669 7.35802 20.9969 6.78516 8.75793 18.9101 5.45452 7.73375 20.8179 6.27949 9.34736 0.104560 0.107936
0.109623 23.113 6.03495 9.61028 21.0593 6.88695 8.18597 28.4564 4.35294 13.2065 23.0299 6.27024 9.46876 24.6208 4.14642 11.0565 0.107936 0.111310
0.112998 26.6085 7.38973 10.0599 25.2495 6.04173 9.69857 30.1444 8.82099 11.3338 26.5274 7.04612 9.962 28.0781 10.7845 11.0256 0.111310 0.114686
0.116373 29.5352 9.19729 10.1979 27.4172 8.13056 10.5122 35.0461 11.2214 12.2125 28.8617 8.85949 9.81491 41.7468 15.4288 16.5864 0.114686 0.118060
0.119748 35.5185 10.8887 12.4942 33.4809 9.13379 13.4438 40.8201 12.9391 14.7728 34.9451 10.3567 12.32 45.9153 12.5739 17.8157 0.118060 0.121435
0.123123 40.9025 11.3476 14.3986 39.2322 9.00887 15.5079 45.2482 17.0295 15.2756 40.3731 11.0952 14.1752 50.5005 12.2361 19.3765 0.121435 0.124811
0.126498 47.5573 12.2366 17.1301 43.7568 9.82645 16.2896 57.4455 20.5486 19.9424 47.1328 12.2017 16.8501 55.2529 14.8307 21.4389 0.124811 0.128185
0.129873 52.9524 14.6223 18.7665 49.2896 12.1611 17.8455 62.4823 21.9918 21.1671 52.6867 14.6984 18.5471 57.7697 15.2722 21.4827 0.128185 0.131561
0.133248 59.1704 14.4873 20.1514 56.8373 12.307 20.1405 65.2407 23.8405 21.2359 58.6128 14.1641 19.943 69.2799 18.0778 26.1948 0.131561 0.134935
0.137045 67.3435 15.7222 23.6845 68.7231 15.7593 27.1737 63.7539 23.4263 20.0605 67.2196 15.9242 23.5979 69.59 15.1882 25.8207 0.134935 0.139154
0.141685 80.8963 18.8198 28.086 82.2359 19.5038 30.911 77.4109 27.2136 24.8438 80.1769 18.456 27.5107 93.9392 20.8279 34.8156 0.139154 0.144217
0.146748 94.1138 24.016 31.8808 97.3238 20.4987 34.6423 85.7618 35.7371 24.6615 92.2721 23.1415 30.7604 127.507 38.757 43.3669 0.144217 0.149279
0.151810 104.67 27.4909 31.5551 108.591 22.4833 36.7753 94.4653 40.4041 24.1993 103.01 27.7371 30.896 134.765 32.6936 45.6945 0.149279 0.154342
0.156873 120.124 30.7446 35.3433 126.614 27.6306 43.0071 103.24 48.3892 24.1438 119.155 32.3853 35.5514 137.703 39.9899 42.728 0.154342 0.159404
0.161935 135.434 31.7582 38.837 143.752 25.0351 48.6117 113.79 54.1129 28.6078 133.113 30.9069 39.374 177.513 52.0623 55.2895 0.159404 0.164467
0.166998 142.591 41.8481 39.6971 149.239 33.1516 45.3571 125.293 58.7238 35.861 141.023 41.7508 39.5687 171.015 40.4789 48.0574 0.164467 0.169529
0.172060 159.032 44.6172 44.8531 168.75 34.8121 53.6497 133.747 66.8253 37.2401 158.434 44.9919 45.5346 169.875 45.482 44.266 0.169529 0.174591
0.177123 169.503 45.9503 47.3716 179.61 44.6293 52.2419 143.208 72.2845 42.1735 169.766 45.8245 48.3221 164.746 59.2305 34.9212 0.174591 0.179654
0.182185 178.451 51.7485 48.0409 195.197 47.8054 54.8185 134.88 77.9606 38.9162 178.583 51.0439 48.1088 176.055 53.6967 46.8083 0.179654 0.184716
0.187248 189.744 58.3561 50.8188 211.479 55.4483 57.3379 133.191 83.7168 38.6969 188.466 57.9583 50.5965 212.908 70.1262 56.803 0.184716 0.189779
0.192310 199.913 67.0916 52.5841 236.406 66.4423 60.8644 104.964 72.5394 27.8222 199.82 66.2901 52.6639 201.609 57.2729 51.1915 0.189779 0.194842
0.197373 209.306 64.0424 53.6487 259.073 78.0049 60.0439 79.8174 59.594 20.5785 209.8 64.3979 53.7729 200.343 65.6668 46.1804 0.194842 0.199904
0.202435 214.678 69.6063 52.2306 278.289 89.8235 60.6908 49.1699 43.7289 11.1337 216.214 69.6234 52.3721 186.814 68.233 44.5206 0.199904 0.204967
0.207498 215.775 69.8471 49.8153 289.797 96.4001 61.5033 23.1814 26.6954 3.78391 218.642 70.6413 50.481 163.791 61.8395 35.7393 0.204967 0.210029
0.212560 210.075 72.7866 48.9574 290.755 100.03 55.9007 0.158006 0.0671567 0.0403009 214.266 75.5298 49.7604 134.087 49.6978 29.7799 0.210029 0.215091
0.217623 0 0 0 0 0 0 0 0 0 0 0 0 0 0 0 0.215091 0.220154
0.222685 0 0 0 0 0 0 0 0 0 0 0 0 0 0 0 0.220154 0.225217
0.227748 0 0 0 0 0 0 0 0 0 0 0 0 0 0 0 0.225217 0.230279
0.232810 0 0 0 0 0 0 0 0 0 0 0 0 0 0 0 0.230279 0.235342
0.237873 0 0 0 0 0 0 0 0 0 0 0 0 0 0 0 0.235342 0.240404
0.242935 0 0 0 0 0 0 0 0 0 0 0 0 0 0 0 0.240404 0.245467
0.247998 0 0 0 0 0 0 0 0 0 0 0 0 0 0 0 0.245467 0.250529
0.253060 0 0 0 0 0 0 0 0 0 0 0 0 0 0 0 0.250529 0.255592
0.258123 0 0 0 0 0 0 0 0 0 0 0 0 0 0 0 0.255592 0.260654
0.263185 0 0 0 0 0 0 0 0 0 0 0 0 0 0 0 0.260654 0.265716
0.268248 0 0 0 0 0 0 0 0 0 0 0 0 0 0 0 0.265716 0.270779
0.273310 0 0 0 0 0 0 0 0 0 0 0 0 0 0 0 0.270779 0.275842
0.278373 0 0 0 0 0 0 0 0 0 0 0 0 0 0 0 0.275842 0.280904
0.283435 0 0 0 0 0 0 0 0 0 0 0 0 0 0 0 0.280904 0.285967
0.288498 0 0 0 0 0 0 0 0 0 0 0 0 0 0 0 0.285967 0.291029
0.293560 0 0 0 0 0 0 0 0 0 0 0 0 0 0 0 0.291029 0.296091
0.298623 0 0 0 0 0 0 0 0 0 0 0 0 0 0 0 0.296091 0.301154
0.303685 0 0 0 0 0 0 0 0 0 0 0 0 0 0 0 0.301154 0.306217
0.308748 0 0 0 0 0 0 0 0 0 0 0 0 0 0 0 0.306217 0.311279
0.313810 0 0 0 0 0 0 0 0 0 0 0 0 0 0 0 0.311279 0.316341
0.318873 0 0 0 0 0 0 0 0 0 0 0 0 0 0 0 0.316341 0.321404
0.323935 0 0 0 0 0 0 0 0 0 0 0 0 0 0 0 0.321404 0.326466
0.328997 0 0 0 0 0 0 0 0 0 0 0 0 0 0 0 0.326466 0.331528
0.334060 0 0 0 0 0 0 0 0 0 0 0 0 0 0 0 0.331528 0.336591
0.339122 0 0 0 0 0 0 0 0 0 0 0 0 0 0 0 0.336591 0.341653
0.344185 0 0 0 0 0 0 0 0 0 0 0 0 0 0 0 0.341653 0.346716
0.349247 0 0 0 0 0 0 0 0 0 0 0 0 0 0 0 0.346716 0.351779
0.354310 0 0 0 0 0 0 0 0 0 0 0 0 0 0 0 0.351779 0.356841
0.359372 0 0 0 0 0 0 0 0 0 0 0 0 0 0 0 0.356841 0.361903
0.364435 0 0 0 0 0 0 0 0 0 0 0 0 0 0 0 0.361903 0.366966
0.369497 0 0 0 0 0 0 0 0 0 0 0 0 0 0 0 0.366966 0.372028
0.374560 0 0 0 0 0 0 0 0 0 0 0 0 0 0 0 0.372028 0.377091
0.379622 0 0 0 0 0 0 0 0 0 0 0 0 0 0 0 0.377091 0.382154
0.384685 0 0 0 0 0 0 0 0 0 0 0 0 0 0 0 0.382154 0.387216
0.389747 0 0 0 0 0 0 0 0 0 0 0 0 0 0 0 0.387216 0.392278
0.394810 0 0 0 0 0 0 0 0 0 0 0 0 0 0 0 0.392278 0.397341
0.399872 0 0 0 0 0 0 0 0 0 0 0 0 0 0 0 0.397341 0.402404
0.404935 0 0 0 0 0 0 0 0 0 0 0 0 0 0 0 0.402404 0.407466
0.409997 0 0 0 0 0 0 0 0 0 0 0 0 0 0 0 0.407466 0.412529
0.415060 0 0 0 0 0 0 0 0 0 0 0 0 0 0 0 0.412529 0.417591
0.420122 0 0 0 0 0 0 0 0 0 0 0 0 0 0 0 0.417591 0.422653
0.425185 0 0 0 0 0 0 0 0 0 0 0 0 0 0 0 0.422653 0.427716
0.430247 0 0 0 0 0 0 0 0 0 0 0 0 0 0 0 0.427716 0.432779
0.435310 0 0 0 0 0 0 0 0 0 0 0 0 0 0 0 0.432779 0.437841
0.440372 0 0 0 0 0 0 0 0 0 0 0 0 0 0 0 0.437841 0.442903
0.445435 0 0 0 0 0 0 0 0 0 0 0 0 0 0 0 0.442903 0.447966
0.450497 0 0 0 0 0 0 0 0 0 0 0 0 0 0 0 0.447966 0.453029
0.455560 0 0 0 0 0 0 0 0 0 0 0 0 0 0 0 0.453029 0.458091
0.460622 0 0 0 0 0 0 0 0 0 0 0 0 0 0 0 0.458091 0.463154
0.465685 0 0 0 0 0 0 0 0 0 0 0 0 0 0 0 0.463154 0.468216
0.470747 0 0 0 0 0 0 0 0 0 0 0 0 0 0 0 0.468216 0.473278
0.475810 0 0 0 0 0 0 0 0 0 0 0 0 0 0 0 0.473278 0.478341
0.480872 0 0 0 0 0 0 0 0 0 0 0 0 0 0 0 0.478341 0.483404
0.485935 0 0 0 0 0 0 0 0 0 0 0 0 0 0 0 0.483404 0.488466
0.490997 0 0 0 0 0 0 0 0 0 0 0 0 0 0 0 0.488466 0.493528
0.496060 0 0 0 0 0 0 0 0 0 0 0 0 0 0 0 0.493528 0.498591
0.501122 0 0 0 0 0 0 0 0 0 0 0 0 0 0 0 0.498591 0.503654
0.506185 0 0 0 0 0 0 0 0 0 0 0 0 0 0 0 0.503654 0.508716
0.511247 0 0 0 0 0 0 0 0 0 0 0 0 0 0 0 0.508716 0.513778
0.516310 0 0 0 0 0 0 0 0 0 0 0 0 0 0 0 0.513778 0.518841
0.521372 0 0 0 0 0 0 0 0 0 0 0 0 0 0 0 0.518841 0.523903
0.526435 0 0 0 0 0 0 0 0 0 0 0 0 0 0 0 0.523903 0.528966
0.531497 0 0 0 0 0 0 0 0 0 0 0 0 0 0 0 0.528966 0.534029
0.536560 0 0 0 0 0 0 0 0 0 0 0 0 0 0 0 0.534029 0.539091
0.541622 0 0 0 0 0 0 0 0 0 0 0 0 0 0 0 0.539091 0.544153
0.546685 0 0 0 0 0 0 0 0 0 0 0 0 0 0 0 0.544153 0.549216
0.551747 0 0 0 0 0 0 0 0 0 0 0 0 0 0 0 0.549216 0.554278
0.556810 0 0 0 0 0 0 0 0 0 0 0 0 0 0 0 0.554278 0.559341
0.561872 0 0 0 0 0 0 0 0 0 0 0 0 0 0 0 0.559341 0.564404
0.566935 0 0 0 0 0 0 0 0 0 0 0 0 0 0 0 0.564404 0.569466
0.571997 0 0 0 0 0 0 0 0 0 0 0 0 0 0 0 0.569466 0.574528
0.577060 0 0 0 0 0 0 0 0 0 0 0 0 0 0 0 0.574528 0.579592
0.582123 0 0 0 0 0 0 0 0 0 0 0 0 0 0 0 0.579592 0.584654
0.587185 0 0 0 0 0 0 0 0 0 0 0 0 0 0 0 0.584654 0.589717
0.592248 0 0 0 0 0 0 0 0 0 0 0 0 0 0 0 0.589717 0.594779
0.597310 0 0 0 0 0 0 0 0 0 0 0 0 0 0 0 0.594779 0.599841
0.602373 0 0 0 0 0 0 0 0 0 0 0 0 0 0 0 0.599841 0.604904
0.607435 0 0 0 0 0 0 0 0 0 0 0 0 0 0 0 0.604904 0.609967
0.612498 0 0 0 0 0 0 0 0 0 0 0 0 0 0 0 0.609967 0.615029
0.617560 0 0 0 0 0 0 0 0 0 0 0 0 0 0 0 0.615029 0.620092
0.622623 0 0 0 0 0 0 0 0 0 0 0 0 0 0 0 0.620092 0.625154
0.627685 0 0 0 0 0 0 0 0 0 0 0 0 0 0 0 0.625154 0.630216
0.632748 0 0 0 0 0 0 0 0 0 0 0 0 0 0 0 0.630216 0.635279
0.637810 0 0 0 0 0 0 0 0 0 0 0 0 0 0 0 0.635279 0.640342
0.642873 0 0 0 0 0 0 0 0 0 0 0 0 0 0 0 0.640342 0.645404
0.647935 0 0 0 0 0 0 0 0 0 0 0 0 0 0 0 0.645404 0.650466
0.652998 0 0 0 0 0 0 0 0 0 0 0 0 0 0 0 0.650466 0.655529
0.658060 0 0 0 0 0 0 0 0 0 0 0 0 0 0 0 0.655529 0.660591
0.663123 0 0 0 0 0 0 0 0 0 0 0 0 0 0 0 0.660591 0.665654
0.668185 0 0 0 0 0 0 0 0 0 0 0 0 0 0 0 0.665654 0.670717
0.673248 0 0 0 0 0 0 0 0 0 0 0 0 0 0 0 0.670717 0.675779
0.678310 0 0 0 0 0 0 0 0 0 0 0 0 0 0 0 0.675779 0.680841
0.684006 0 0 0 0 0 0 0 0 0 0 0 0 0 0 0 0.680841 0.687170
0.690967 0 0 0 0 0 0 0 0 0 0 0 0 0 0 0 0.687170 0.694764
0.698560 0 0 0 0 0 0 0 0 0 0 0 0 0 0 0 0.694764 0.702357
0.706154 0 0 0 0 0 0 0 0 0 0 0 0 0 0 0 0.702357 0.709951
0.713748 0 0 0 0 0 0 0 0 0 0 0 0 0 0 0 0.709951 0.717545
0.721342 0 0 0 0 0 0 0 0 0 0 0 0 0 0 0 0.717545 0.725139
0.728935 0 0 0 0 0 0 0 0 0 0 0 0 0 0 0 0.725139 0.732732
0.736529 0 0 0 0 0 0 0 0 0 0 0 0 0 0 0 0.732732 0.740326
0.744123 0 0 0 0 0 0 0 0 0 0 0 0 0 0 0 0.740326 0.747920
0.751717 0 0 0 0 0 0 0 0 0 0 0 0 0 0 0 0.747920 0.755513
0.759310 0 0 0 0 0 0 0 0 0 0 0 0 0 0 0 0.755513 0.763107
0.766904 0 0 0 0 0 0 0 0 0 0 0 0 0 0 0 0.763107 0.770701
0.774498 0 0 0 0 0 0 0 0 0 0 0 0 0 0 0 0.770701 0.778295
0.782092 0 0 0 0 0 0 0 0 0 0 0 0 0 0 0 0.778295 0.785888
0.789685 0 0 0 0 0 0 0 0 0 0 0 0 0 0 0 0.785888 0.793482
0.797279 0 0 0 0 0 0 0 0 0 0 0 0 0 0 0 0.793482 0.801076
0.804873 0 0 0 0 0 0 0 0 0 0 0 0 0 0 0 0.801076 0.808670
0.812467 0 0 0 0 0 0 0 0 0 0 0 0 0 0 0 0.808670 0.816263
0.820060 0 0 0 0 0 0 0 0 0 0 0 0 0 0 0 0.816263 0.823857
0.827654 0 0 0 0 0 0 0 0 0 0 0 0 0 0 0 0.823857 0.831451
0.835248 0 0 0 0 0 0 0 0 0 0 0 0 0 0 0 0.831451 0.839045
0.842842 0 0 0 0 0 0 0 0 0 0 0 0 0 0 0 0.839045 0.846639
0.850435 0 0 0 0 0 0 0 0 0 0 0 0 0 0 0 0.846639 0.854232
0.858029 0 0 0 0 0 0 0 0 0 0 0 0 0 0 0 0.854232 0.861826
0.865623 0 0 0 0 0 0 0 0 0 0 0 0 0 0 0 0.861826 0.869420
0.873217 0 0 0 0 0 0 0 0 0 0 0 0 0 0 0 0.869420 0.877014
0.880810 0 0 0 0 0 0 0 0 0 0 0 0 0 0 0 0.877014 0.884607
0.888404 0 0 0 0 0 0 0 0 0 0 0 0 0 0 0 0.884607 0.892201
0.895998 0 0 0 0 0 0 0 0 0 0 0 0 0 0 0 0.892201 0.899795
0.903592 0 0 0 0 0 0 0 0 0 0 0 0 0 0 0 0.899795 0.907389
0.911185 0 0 0 0 0 0 0 0 0 0 0 0 0 0 0 0.907389 0.914982
0.918779 0 0 0 0 0 0 0 0 0 0 0 0 0 0 0 0.914982 0.922576
0.926373 0 0 0 0 0 0 0 0 0 0 0 0 0 0 0 0.922576 0.930170
0.933967 0 0 0 0 0 0 0 0 0 0 0 0 0 0 0 0.930170 0.937763
0.941560 0 0 0 0 0 0 0 0 0 0 0 0 0 0 0 0.937763 0.945357
0.949154 0 0 0 0 0 0 0 0 0 0 0 0 0 0 0 0.945357 0.952951
0.956748 0 0 0 0 0 0 0 0 0 0 0 0 0 0 0 0.952951 0.960545
0.964342 0 0 0 0 0 0 0 0 0 0 0 0 0 0 0 0.960545 0.968138
0.971935 0 0 0 0 0 0 0 0 0 0 0 0 0 0 0 0.968138 0.975732
0.979529 0 0 0 0 0 0 0 0 0 0 0 0 0 0 0 0.975732 0.983326
0.987123 0 0 0 0 0 0 0 0 0 0 0 0 0 0 0 0.983326 0.990920
0.994717 0 0 0 0 0 0 0 0 0 0 0 0 0 0 0 0.990920 0.998514
1.000412 0 0 0 0 0 0 0 0 0 0 0 0 0 0 0 0.998514 1.002310
