#Peak halo mass range: 11.875 < log10(Mh/Msun) < 12.125
#Quenched threshold: True SFR / True SM < 1e-11 / yr
#True SFHs in units of Msun/yr.
#See documentation for explanation of true vs. observed SFRs and SMs.
#Bestfit halos in bin: 4625
#Bestfit SF halos in bin: 4004
#Bestfit Q halos in bin: 621
#Bestfit central halos in bin: 4309
#Bestfit satellite halos in bin: 316
#Avg_scale_factor <SFH_all> Err+ Err- <SFH_SF> Err+ Err- <SFH_Q> Err+ Err- <SFH_Cen> Err+ Err- <SFH_Sat> Err+ Err- Scale_factor_begin Scale_factor_end
0.028936 0.00858171 -0.000334296 0.00845581 0.0062682 -0.000513934 0.00620115 0.0234985 0.00027433 0.0231854 0.00901887 -0.000344578 0.00889519 0.00262059 0.00143351 0.00260634 0.000000 0.057873
0.059561 0.0720034 0.0587834 0.0694715 0.0640432 0.0533598 0.0615769 0.123329 0.100806 0.120644 0.0747528 0.0592147 0.0721423 0.034513 0.0354927 0.033512 0.057873 0.061248
0.062373 0.165703 0.0911826 0.157344 0.120509 0.0953836 0.113749 0.457098 0.169163 0.441191 0.140512 0.0936869 0.133244 0.50921 0.0280378 0.487771 0.061248 0.063498
0.064623 0.266292 0.19901 0.246822 0.233857 0.167294 0.2166 0.475424 0.376681 0.441672 0.259311 0.203718 0.239438 0.361487 0.185014 0.330736 0.063498 0.065748
0.066873 0.444162 0.174886 0.387287 0.425669 0.151335 0.373043 0.5634 0.368623 0.486566 0.443641 0.166158 0.387228 0.451266 0.216526 0.403896 0.065748 0.067998
0.069123 0.496044 0.319885 0.406572 0.456535 0.300611 0.377102 0.750782 0.554947 0.624361 0.487896 0.299174 0.397542 0.607146 0.495661 0.520566 0.067998 0.070248
0.071373 0.613292 0.4402 0.490317 0.569833 0.356923 0.461862 0.893497 0.593909 0.70096 0.594339 0.418615 0.471651 0.871736 0.658698 0.709528 0.070248 0.072498
0.073623 0.82492 0.460852 0.627227 0.766866 0.39871 0.578838 1.19924 0.935392 0.902528 0.802867 0.43474 0.608973 1.12564 0.809437 0.870124 0.072498 0.074748
0.075873 1.12372 0.626676 0.792982 1.02695 0.525668 0.717248 1.74769 1.14115 1.28267 1.09245 0.594823 0.76396 1.55008 0.848682 1.13772 0.074748 0.076998
0.078123 1.36067 0.638277 0.923691 1.21763 0.56677 0.810058 2.2829 1.07429 1.59812 1.34121 0.640324 0.904004 1.62592 0.735679 1.13589 0.076998 0.079248
0.080373 1.57461 0.671938 0.984952 1.41021 0.608488 0.894665 2.6346 0.930936 1.70755 1.57255 0.70724 0.978241 1.60275 0.575257 1.04602 0.079248 0.081498
0.082904 1.50691 0.662166 0.890299 1.36618 0.561663 0.823554 2.41428 1.14841 1.44062 1.51531 0.673538 0.894543 1.39228 0.714821 0.835048 0.081498 0.084311
0.085998 2.16985 0.831491 1.18572 2.00736 0.830631 1.12139 3.21748 1.40872 1.79044 2.16891 0.815726 1.18493 2.18259 1.03155 1.20001 0.084311 0.087685
0.089373 2.70566 0.946604 1.37864 2.50202 0.917124 1.29074 4.01862 1.39065 2.06695 2.66297 0.888633 1.34777 3.28771 1.58809 1.70086 0.087685 0.091061
0.092748 3.56631 1.29554 1.72564 3.3601 1.25115 1.6316 4.89587 2.16156 2.27229 3.45156 1.22112 1.64196 5.13102 2.10818 2.65741 0.091061 0.094435
0.096123 4.45868 1.26823 2.04448 4.21693 1.3215 1.91398 6.01741 1.90084 2.73675 4.34086 1.30262 1.9485 6.06531 1.2851 3.07859 0.094435 0.097811
0.099498 5.48243 1.86187 2.36427 5.23384 1.85924 2.24943 7.08525 2.68818 3.00843 5.27373 1.77785 2.18131 8.32815 1.99749 4.20781 0.097811 0.101186
0.102873 6.60329 2.18051 2.63002 6.33831 2.06984 2.57702 8.31174 2.83815 3.49877 6.40856 2.16464 2.54155 9.25854 2.04395 4.207 0.101186 0.104560
0.106248 7.65488 2.508 2.90956 7.37672 2.25091 2.80475 9.44833 3.55618 3.68459 7.62062 2.55843 2.8972 8.12207 1.48527 3.15887 0.104560 0.107936
0.109623 8.55359 3.01645 2.97044 8.40824 2.86959 3.07411 9.4908 4.35169 3.15754 8.59509 2.97308 3.00659 7.98769 3.62455 2.49335 0.107936 0.111310
0.112998 9.94398 3.26859 3.48146 9.82313 2.93985 3.67732 10.7232 4.94399 3.15514 9.91361 3.257 3.44624 10.3581 3.01244 3.81811 0.111310 0.114686
0.116373 11.2929 3.73709 3.82329 11.142 3.4407 3.854 12.2659 5.76797 3.49144 11.1865 3.69037 3.77762 12.7434 4.25943 4.48425 0.114686 0.118060
0.119748 13.2109 4.14905 4.35484 12.908 3.94087 4.20797 15.1636 5.95533 4.74786 12.9462 4.03692 4.25884 16.8197 5.67803 5.84169 0.118060 0.121435
0.123123 15.3946 5.07187 4.89847 14.9892 4.83927 4.88537 18.0084 6.18926 6.25765 14.9137 4.79729 4.69459 21.9521 7.02736 7.52579 0.121435 0.124811
0.126498 17.7777 5.38265 5.94733 17.4517 5.2719 6.00623 19.8797 7.05242 6.56784 17.2815 5.22848 5.83665 24.5439 7.22063 7.95529 0.124811 0.128185
0.129873 20.269 5.86482 6.93653 19.9561 5.88549 7.08057 22.2871 6.9201 7.56173 19.8123 5.75509 6.76111 26.4978 7.498 9.05611 0.128185 0.131561
0.133248 22.6844 6.50111 7.46053 22.0853 6.50508 7.43817 26.5469 8.57649 9.2362 21.8865 6.52837 7.12745 33.5643 8.17545 13.0931 0.131561 0.134935
0.137045 25.5593 7.50544 8.68291 25.1345 7.02643 8.69052 28.2983 9.45463 8.35857 24.7596 7.45187 8.22707 36.4642 7.38209 14.2624 0.134935 0.139154
0.141685 29.382 8.35073 9.94057 29.3717 7.90187 10.6564 29.4488 14.381 7.49702 28.4835 8.26663 9.45888 41.6338 11.2111 14.9097 0.139154 0.144217
0.146748 34.6936 9.68648 12.2628 34.6797 9.0029 12.8082 34.7836 18.1294 9.31456 33.4221 9.55743 11.7066 52.0329 12.7659 19.341 0.144217 0.149279
0.151810 39.6171 10.4773 13.6713 39.3944 10.5692 13.5524 41.053 22.7178 12.685 38.5451 10.4035 13.2813 54.2344 12.3735 19.0369 0.149279 0.154342
0.156873 46.2377 11.3502 16.0975 46.027 12.7707 16.1758 47.5963 24.695 15.6677 45.2112 11.3595 15.6113 60.2357 14.9078 19.5211 0.154342 0.159404
0.161935 52.0815 14.8882 17.0942 52.4768 15.7889 18.1603 49.5329 27.1892 17.0125 50.9539 14.4385 16.6507 67.4575 19.4757 21.1961 0.159404 0.164467
0.166998 58.4795 16.4531 18.5067 61.2058 18.7181 19.9059 40.9017 21.5742 13.1416 57.3473 15.9879 18.101 73.9183 19.9901 24.0386 0.164467 0.169529
0.172060 65.9436 18.154 21.0798 71.9005 22.9531 23.606 27.5355 18.3338 7.79151 64.8274 17.8402 20.6582 81.1637 22.385 25.7651 0.169529 0.174591
0.177123 72.7492 21.7041 23.5237 81.415 26.7591 25.8388 16.8747 12.6653 4.39779 71.9723 21.6788 23.3279 83.3421 23.7455 26.3176 0.174591 0.179654
0.182185 80.7883 25.7063 26.0272 91.8555 31.6117 28.5623 9.43081 7.05822 3.70361 80.7693 25.6835 26.0498 81.0474 25.917 24.1803 0.179654 0.184716
0.187248 88.0368 28.6855 26.6632 101.685 40.7255 29.5943 0.0364432 0.0159427 0.0109845 88.5053 28.6685 26.9912 81.6473 27.6664 24.2679 0.184716 0.189779
0.192310 0 0 0 0 0 0 0 0 0 0 0 0 0 0 0 0.189779 0.194842
0.197373 0 0 0 0 0 0 0 0 0 0 0 0 0 0 0 0.194842 0.199904
0.202435 0 0 0 0 0 0 0 0 0 0 0 0 0 0 0 0.199904 0.204967
0.207498 0 0 0 0 0 0 0 0 0 0 0 0 0 0 0 0.204967 0.210029
0.212560 0 0 0 0 0 0 0 0 0 0 0 0 0 0 0 0.210029 0.215091
0.217623 0 0 0 0 0 0 0 0 0 0 0 0 0 0 0 0.215091 0.220154
0.222685 0 0 0 0 0 0 0 0 0 0 0 0 0 0 0 0.220154 0.225217
0.227748 0 0 0 0 0 0 0 0 0 0 0 0 0 0 0 0.225217 0.230279
0.232810 0 0 0 0 0 0 0 0 0 0 0 0 0 0 0 0.230279 0.235342
0.237873 0 0 0 0 0 0 0 0 0 0 0 0 0 0 0 0.235342 0.240404
0.242935 0 0 0 0 0 0 0 0 0 0 0 0 0 0 0 0.240404 0.245467
0.247998 0 0 0 0 0 0 0 0 0 0 0 0 0 0 0 0.245467 0.250529
0.253060 0 0 0 0 0 0 0 0 0 0 0 0 0 0 0 0.250529 0.255592
0.258123 0 0 0 0 0 0 0 0 0 0 0 0 0 0 0 0.255592 0.260654
0.263185 0 0 0 0 0 0 0 0 0 0 0 0 0 0 0 0.260654 0.265716
0.268248 0 0 0 0 0 0 0 0 0 0 0 0 0 0 0 0.265716 0.270779
0.273310 0 0 0 0 0 0 0 0 0 0 0 0 0 0 0 0.270779 0.275842
0.278373 0 0 0 0 0 0 0 0 0 0 0 0 0 0 0 0.275842 0.280904
0.283435 0 0 0 0 0 0 0 0 0 0 0 0 0 0 0 0.280904 0.285967
0.288498 0 0 0 0 0 0 0 0 0 0 0 0 0 0 0 0.285967 0.291029
0.293560 0 0 0 0 0 0 0 0 0 0 0 0 0 0 0 0.291029 0.296091
0.298623 0 0 0 0 0 0 0 0 0 0 0 0 0 0 0 0.296091 0.301154
0.303685 0 0 0 0 0 0 0 0 0 0 0 0 0 0 0 0.301154 0.306217
0.308748 0 0 0 0 0 0 0 0 0 0 0 0 0 0 0 0.306217 0.311279
0.313810 0 0 0 0 0 0 0 0 0 0 0 0 0 0 0 0.311279 0.316341
0.318873 0 0 0 0 0 0 0 0 0 0 0 0 0 0 0 0.316341 0.321404
0.323935 0 0 0 0 0 0 0 0 0 0 0 0 0 0 0 0.321404 0.326466
0.328997 0 0 0 0 0 0 0 0 0 0 0 0 0 0 0 0.326466 0.331528
0.334060 0 0 0 0 0 0 0 0 0 0 0 0 0 0 0 0.331528 0.336591
0.339122 0 0 0 0 0 0 0 0 0 0 0 0 0 0 0 0.336591 0.341653
0.344185 0 0 0 0 0 0 0 0 0 0 0 0 0 0 0 0.341653 0.346716
0.349247 0 0 0 0 0 0 0 0 0 0 0 0 0 0 0 0.346716 0.351779
0.354310 0 0 0 0 0 0 0 0 0 0 0 0 0 0 0 0.351779 0.356841
0.359372 0 0 0 0 0 0 0 0 0 0 0 0 0 0 0 0.356841 0.361903
0.364435 0 0 0 0 0 0 0 0 0 0 0 0 0 0 0 0.361903 0.366966
0.369497 0 0 0 0 0 0 0 0 0 0 0 0 0 0 0 0.366966 0.372028
0.374560 0 0 0 0 0 0 0 0 0 0 0 0 0 0 0 0.372028 0.377091
0.379622 0 0 0 0 0 0 0 0 0 0 0 0 0 0 0 0.377091 0.382154
0.384685 0 0 0 0 0 0 0 0 0 0 0 0 0 0 0 0.382154 0.387216
0.389747 0 0 0 0 0 0 0 0 0 0 0 0 0 0 0 0.387216 0.392278
0.394810 0 0 0 0 0 0 0 0 0 0 0 0 0 0 0 0.392278 0.397341
0.399872 0 0 0 0 0 0 0 0 0 0 0 0 0 0 0 0.397341 0.402404
0.404935 0 0 0 0 0 0 0 0 0 0 0 0 0 0 0 0.402404 0.407466
0.409997 0 0 0 0 0 0 0 0 0 0 0 0 0 0 0 0.407466 0.412529
0.415060 0 0 0 0 0 0 0 0 0 0 0 0 0 0 0 0.412529 0.417591
0.420122 0 0 0 0 0 0 0 0 0 0 0 0 0 0 0 0.417591 0.422653
0.425185 0 0 0 0 0 0 0 0 0 0 0 0 0 0 0 0.422653 0.427716
0.430247 0 0 0 0 0 0 0 0 0 0 0 0 0 0 0 0.427716 0.432779
0.435310 0 0 0 0 0 0 0 0 0 0 0 0 0 0 0 0.432779 0.437841
0.440372 0 0 0 0 0 0 0 0 0 0 0 0 0 0 0 0.437841 0.442903
0.445435 0 0 0 0 0 0 0 0 0 0 0 0 0 0 0 0.442903 0.447966
0.450497 0 0 0 0 0 0 0 0 0 0 0 0 0 0 0 0.447966 0.453029
0.455560 0 0 0 0 0 0 0 0 0 0 0 0 0 0 0 0.453029 0.458091
0.460622 0 0 0 0 0 0 0 0 0 0 0 0 0 0 0 0.458091 0.463154
0.465685 0 0 0 0 0 0 0 0 0 0 0 0 0 0 0 0.463154 0.468216
0.470747 0 0 0 0 0 0 0 0 0 0 0 0 0 0 0 0.468216 0.473278
0.475810 0 0 0 0 0 0 0 0 0 0 0 0 0 0 0 0.473278 0.478341
0.480872 0 0 0 0 0 0 0 0 0 0 0 0 0 0 0 0.478341 0.483404
0.485935 0 0 0 0 0 0 0 0 0 0 0 0 0 0 0 0.483404 0.488466
0.490997 0 0 0 0 0 0 0 0 0 0 0 0 0 0 0 0.488466 0.493528
0.496060 0 0 0 0 0 0 0 0 0 0 0 0 0 0 0 0.493528 0.498591
0.501122 0 0 0 0 0 0 0 0 0 0 0 0 0 0 0 0.498591 0.503654
0.506185 0 0 0 0 0 0 0 0 0 0 0 0 0 0 0 0.503654 0.508716
0.511247 0 0 0 0 0 0 0 0 0 0 0 0 0 0 0 0.508716 0.513778
0.516310 0 0 0 0 0 0 0 0 0 0 0 0 0 0 0 0.513778 0.518841
0.521372 0 0 0 0 0 0 0 0 0 0 0 0 0 0 0 0.518841 0.523903
0.526435 0 0 0 0 0 0 0 0 0 0 0 0 0 0 0 0.523903 0.528966
0.531497 0 0 0 0 0 0 0 0 0 0 0 0 0 0 0 0.528966 0.534029
0.536560 0 0 0 0 0 0 0 0 0 0 0 0 0 0 0 0.534029 0.539091
0.541622 0 0 0 0 0 0 0 0 0 0 0 0 0 0 0 0.539091 0.544153
0.546685 0 0 0 0 0 0 0 0 0 0 0 0 0 0 0 0.544153 0.549216
0.551747 0 0 0 0 0 0 0 0 0 0 0 0 0 0 0 0.549216 0.554278
0.556810 0 0 0 0 0 0 0 0 0 0 0 0 0 0 0 0.554278 0.559341
0.561872 0 0 0 0 0 0 0 0 0 0 0 0 0 0 0 0.559341 0.564404
0.566935 0 0 0 0 0 0 0 0 0 0 0 0 0 0 0 0.564404 0.569466
0.571997 0 0 0 0 0 0 0 0 0 0 0 0 0 0 0 0.569466 0.574528
0.577060 0 0 0 0 0 0 0 0 0 0 0 0 0 0 0 0.574528 0.579592
0.582123 0 0 0 0 0 0 0 0 0 0 0 0 0 0 0 0.579592 0.584654
0.587185 0 0 0 0 0 0 0 0 0 0 0 0 0 0 0 0.584654 0.589717
0.592248 0 0 0 0 0 0 0 0 0 0 0 0 0 0 0 0.589717 0.594779
0.597310 0 0 0 0 0 0 0 0 0 0 0 0 0 0 0 0.594779 0.599841
0.602373 0 0 0 0 0 0 0 0 0 0 0 0 0 0 0 0.599841 0.604904
0.607435 0 0 0 0 0 0 0 0 0 0 0 0 0 0 0 0.604904 0.609967
0.612498 0 0 0 0 0 0 0 0 0 0 0 0 0 0 0 0.609967 0.615029
0.617560 0 0 0 0 0 0 0 0 0 0 0 0 0 0 0 0.615029 0.620092
0.622623 0 0 0 0 0 0 0 0 0 0 0 0 0 0 0 0.620092 0.625154
0.627685 0 0 0 0 0 0 0 0 0 0 0 0 0 0 0 0.625154 0.630216
0.632748 0 0 0 0 0 0 0 0 0 0 0 0 0 0 0 0.630216 0.635279
0.637810 0 0 0 0 0 0 0 0 0 0 0 0 0 0 0 0.635279 0.640342
0.642873 0 0 0 0 0 0 0 0 0 0 0 0 0 0 0 0.640342 0.645404
0.647935 0 0 0 0 0 0 0 0 0 0 0 0 0 0 0 0.645404 0.650466
0.652998 0 0 0 0 0 0 0 0 0 0 0 0 0 0 0 0.650466 0.655529
0.658060 0 0 0 0 0 0 0 0 0 0 0 0 0 0 0 0.655529 0.660591
0.663123 0 0 0 0 0 0 0 0 0 0 0 0 0 0 0 0.660591 0.665654
0.668185 0 0 0 0 0 0 0 0 0 0 0 0 0 0 0 0.665654 0.670717
0.673248 0 0 0 0 0 0 0 0 0 0 0 0 0 0 0 0.670717 0.675779
0.678310 0 0 0 0 0 0 0 0 0 0 0 0 0 0 0 0.675779 0.680841
0.684006 0 0 0 0 0 0 0 0 0 0 0 0 0 0 0 0.680841 0.687170
0.690967 0 0 0 0 0 0 0 0 0 0 0 0 0 0 0 0.687170 0.694764
0.698560 0 0 0 0 0 0 0 0 0 0 0 0 0 0 0 0.694764 0.702357
0.706154 0 0 0 0 0 0 0 0 0 0 0 0 0 0 0 0.702357 0.709951
0.713748 0 0 0 0 0 0 0 0 0 0 0 0 0 0 0 0.709951 0.717545
0.721342 0 0 0 0 0 0 0 0 0 0 0 0 0 0 0 0.717545 0.725139
0.728935 0 0 0 0 0 0 0 0 0 0 0 0 0 0 0 0.725139 0.732732
0.736529 0 0 0 0 0 0 0 0 0 0 0 0 0 0 0 0.732732 0.740326
0.744123 0 0 0 0 0 0 0 0 0 0 0 0 0 0 0 0.740326 0.747920
0.751717 0 0 0 0 0 0 0 0 0 0 0 0 0 0 0 0.747920 0.755513
0.759310 0 0 0 0 0 0 0 0 0 0 0 0 0 0 0 0.755513 0.763107
0.766904 0 0 0 0 0 0 0 0 0 0 0 0 0 0 0 0.763107 0.770701
0.774498 0 0 0 0 0 0 0 0 0 0 0 0 0 0 0 0.770701 0.778295
0.782092 0 0 0 0 0 0 0 0 0 0 0 0 0 0 0 0.778295 0.785888
0.789685 0 0 0 0 0 0 0 0 0 0 0 0 0 0 0 0.785888 0.793482
0.797279 0 0 0 0 0 0 0 0 0 0 0 0 0 0 0 0.793482 0.801076
0.804873 0 0 0 0 0 0 0 0 0 0 0 0 0 0 0 0.801076 0.808670
0.812467 0 0 0 0 0 0 0 0 0 0 0 0 0 0 0 0.808670 0.816263
0.820060 0 0 0 0 0 0 0 0 0 0 0 0 0 0 0 0.816263 0.823857
0.827654 0 0 0 0 0 0 0 0 0 0 0 0 0 0 0 0.823857 0.831451
0.835248 0 0 0 0 0 0 0 0 0 0 0 0 0 0 0 0.831451 0.839045
0.842842 0 0 0 0 0 0 0 0 0 0 0 0 0 0 0 0.839045 0.846639
0.850435 0 0 0 0 0 0 0 0 0 0 0 0 0 0 0 0.846639 0.854232
0.858029 0 0 0 0 0 0 0 0 0 0 0 0 0 0 0 0.854232 0.861826
0.865623 0 0 0 0 0 0 0 0 0 0 0 0 0 0 0 0.861826 0.869420
0.873217 0 0 0 0 0 0 0 0 0 0 0 0 0 0 0 0.869420 0.877014
0.880810 0 0 0 0 0 0 0 0 0 0 0 0 0 0 0 0.877014 0.884607
0.888404 0 0 0 0 0 0 0 0 0 0 0 0 0 0 0 0.884607 0.892201
0.895998 0 0 0 0 0 0 0 0 0 0 0 0 0 0 0 0.892201 0.899795
0.903592 0 0 0 0 0 0 0 0 0 0 0 0 0 0 0 0.899795 0.907389
0.911185 0 0 0 0 0 0 0 0 0 0 0 0 0 0 0 0.907389 0.914982
0.918779 0 0 0 0 0 0 0 0 0 0 0 0 0 0 0 0.914982 0.922576
0.926373 0 0 0 0 0 0 0 0 0 0 0 0 0 0 0 0.922576 0.930170
0.933967 0 0 0 0 0 0 0 0 0 0 0 0 0 0 0 0.930170 0.937763
0.941560 0 0 0 0 0 0 0 0 0 0 0 0 0 0 0 0.937763 0.945357
0.949154 0 0 0 0 0 0 0 0 0 0 0 0 0 0 0 0.945357 0.952951
0.956748 0 0 0 0 0 0 0 0 0 0 0 0 0 0 0 0.952951 0.960545
0.964342 0 0 0 0 0 0 0 0 0 0 0 0 0 0 0 0.960545 0.968138
0.971935 0 0 0 0 0 0 0 0 0 0 0 0 0 0 0 0.968138 0.975732
0.979529 0 0 0 0 0 0 0 0 0 0 0 0 0 0 0 0.975732 0.983326
0.987123 0 0 0 0 0 0 0 0 0 0 0 0 0 0 0 0.983326 0.990920
0.994717 0 0 0 0 0 0 0 0 0 0 0 0 0 0 0 0.990920 0.998514
1.000412 0 0 0 0 0 0 0 0 0 0 0 0 0 0 0 0.998514 1.002310
