#Peak halo mass range: 10.625 < log10(Mh/Msun) < 10.875
#Quenched threshold: True SFR / True SM < 1e-11 / yr
#True SFHs in units of Msun/yr.
#See documentation for explanation of true vs. observed SFRs and SMs.
#Bestfit halos in bin: 1.0817e+06
#Bestfit SF halos in bin: 1.08167e+06
#Bestfit Q halos in bin: 29
#Bestfit central halos in bin: 742152
#Bestfit satellite halos in bin: 339550
#Avg_scale_factor <SFH_all> Err+ Err- <SFH_SF> Err+ Err- <SFH_Q> Err+ Err- <SFH_Cen> Err+ Err- <SFH_Sat> Err+ Err- Scale_factor_begin Scale_factor_end
0.028936 0 2.21238e-09 0 0 1.5486e-09 0 0 0 0 0 0 0 0 7.27096e-09 0 0.000000 0.057873
0.059561 0 1.81459e-08 0 0 1.43857e-08 0 0 0 0 0 0 0 0 5.92015e-08 0 0.057873 0.061248
0.062373 1.52831e-07 4.28493e-07 1.40247e-07 1.52835e-07 4.22026e-07 1.39498e-07 0 0 0 0 0 0 4.86872e-07 1.36911e-06 4.46844e-07 0.061248 0.063498
0.064623 6.15897e-07 1.6252e-06 5.65523e-07 6.15913e-07 1.39005e-06 5.63781e-07 0 1.64033e-06 0 3.51197e-07 6.04932e-07 3.31123e-07 1.19445e-06 3.49638e-06 1.08417e-06 0.063498 0.065748
0.066873 8.60145e-06 5.24207e-06 8.0333e-06 8.60168e-06 5.46581e-06 8.03349e-06 0 2.8381e-05 0 2.67759e-07 3.70227e-07 2.52404e-07 2.68163e-05 1.58234e-05 2.51006e-05 0.065748 0.067998
0.069123 1.65313e-05 1.1446e-05 1.42859e-05 1.65318e-05 1.08481e-05 1.44249e-05 0 0.000611566 -3.95671e-08 1.1375e-06 1.56582e-06 1.01982e-06 5.01775e-05 3.78257e-05 4.34692e-05 0.067998 0.070248
0.071373 1.82554e-05 1.39056e-05 1.55503e-05 1.82314e-05 1.32632e-05 1.56534e-05 0.000911579 0.00175182 0.000896552 2.62958e-06 3.02734e-06 2.27303e-06 5.24085e-05 3.80784e-05 4.44456e-05 0.070248 0.072498
0.073623 3.77181e-05 3.17652e-05 3.03478e-05 3.74696e-05 2.73889e-05 3.20773e-05 0.0093054 0.00107578 0.0092298 3.91955e-06 5.03265e-06 3.30509e-06 0.000111591 9.07547e-05 8.95027e-05 0.072498 0.074748
0.075873 7.61824e-05 5.45591e-05 5.91379e-05 7.58124e-05 5.15579e-05 6.10397e-05 0.0138747 0.000432432 0.013756 1.35896e-05 1.36613e-05 1.01859e-05 0.000212991 0.000146454 0.000166604 0.074748 0.076998
0.078123 0.000112196 8.82012e-05 8.39837e-05 0.000111641 7.69659e-05 8.4344e-05 0.0208126 -0.00671136 0.0206164 1.99401e-05 1.97316e-05 1.50362e-05 0.000313839 0.000239359 0.000238173 0.076998 0.079248
0.080373 0.000197243 0.000143969 0.000145282 0.000195737 0.000126815 0.000148026 0.0563796 -0.0353231 0.056089 3.99327e-05 3.64199e-05 2.8793e-05 0.000541075 0.000384781 0.000398742 0.079248 0.081498
0.082904 0.000272882 0.000186332 0.00019611 0.000270594 0.000166975 0.000195348 0.0856078 -0.0652125 0.0851578 6.67005e-05 5.81729e-05 4.55296e-05 0.000723529 0.000456398 0.000515153 0.081498 0.084311
0.085998 0.000490635 0.000325016 0.000331922 0.000485036 0.000301902 0.00033654 0.209356 -0.15241 0.208514 0.000139508 0.000117284 9.41061e-05 0.00125809 0.000794908 0.000846313 0.084311 0.087685
0.089373 0.000784291 0.000474983 0.000479354 0.000777274 0.000443825 0.000502612 0.262524 -0.176791 0.261 0.000263641 0.000207447 0.000162359 0.00192227 0.00115154 0.00116573 0.087685 0.091061
0.092748 0.00120408 0.000700487 0.00069633 0.0011978 0.000642384 0.000695585 0.235376 -0.138435 0.233328 0.000440952 0.000311097 0.000249355 0.00287205 0.00156939 0.00165798 0.091061 0.094435
0.096123 0.00169506 0.000917776 0.000893249 0.00168628 0.000825529 0.000931716 0.329462 -0.19638 0.326321 0.000684154 0.00045524 0.000356214 0.0039046 0.00204022 0.00206917 0.094435 0.097811
0.099498 0.00230313 0.00127354 0.00112241 0.00229034 0.00107975 0.00114418 0.479249 -0.322824 0.475171 0.00102591 0.000637241 0.000493199 0.00509474 0.00248759 0.00249751 0.097811 0.101186
0.102873 0.00297697 0.00155928 0.00130953 0.00296196 0.00135484 0.00139748 0.562682 -0.390162 0.557405 0.00142373 0.000795679 0.000630865 0.00637186 0.00296262 0.00282685 0.101186 0.104560
0.106248 0.0037493 0.0018702 0.00150466 0.00372954 0.00173799 0.00155384 0.74053 -0.506261 0.733755 0.0019222 0.0010886 0.000755067 0.00774278 0.00344283 0.00305254 0.104560 0.107936
0.109623 0.00464755 0.00205614 0.00174896 0.00463207 0.00197389 0.00176873 0.582132 -0.318889 0.574102 0.00250052 0.00128968 0.000904165 0.00934029 0.00388268 0.00348375 0.107936 0.111310
0.112998 0.00540326 0.00226736 0.00188746 0.00538923 0.00202143 0.00196926 0.528974 -0.290249 0.520001 0.00300776 0.00147179 0.000995439 0.0106391 0.00402142 0.00379469 0.111310 0.114686
0.116373 0.00604073 0.0023821 0.00201643 0.00602454 0.00216547 0.0020847 0.610052 -0.334513 0.600143 0.00341309 0.00154399 0.00107913 0.0117839 0.00424258 0.00400811 0.114686 0.118060
0.119748 0.00667779 0.0024569 0.00204975 0.0066527 0.00212777 0.00215388 0.942522 -0.579985 0.931747 0.00380892 0.00166319 0.00115727 0.0129483 0.00428833 0.00399529 0.118060 0.121435
0.123123 0.00735648 0.00245454 0.00202706 0.00732197 0.00228895 0.00223559 1.29467 -0.834779 1.28253 0.00426281 0.0018572 0.00118151 0.0141183 0.00443968 0.00385633 0.121435 0.124811
0.126498 0.00823569 0.00274626 0.00217175 0.0081911 0.00262085 0.00239658 1.6714 -1.05875 1.65773 0.00484508 0.00192633 0.00131517 0.0156465 0.00468302 0.00407771 0.124811 0.128185
0.129873 0.00922034 0.00313645 0.00230323 0.0091814 0.00297043 0.00243951 1.46174 -0.799046 1.44591 0.00552196 0.00224403 0.00138557 0.0173039 0.00546522 0.00435489 0.128185 0.131561
0.133248 0.0102784 0.00346233 0.00248948 0.0102506 0.00326355 0.00271255 1.04653 -0.537697 1.02961 0.00623863 0.00256433 0.00158534 0.0191081 0.0059819 0.00463122 0.131561 0.134935
0.137045 0.0113449 0.0036266 0.00281654 0.0113208 0.00343162 0.00296817 0.912865 -0.354352 0.894495 0.00694963 0.00232409 0.00176331 0.0209517 0.00606859 0.00505021 0.134935 0.139154
0.141685 0.0128966 0.00375563 0.00330714 0.0128718 0.0035106 0.00332137 0.937316 -0.465428 0.916836 0.00809362 0.00278685 0.00196372 0.0233945 0.00634115 0.00573785 0.139154 0.144217
0.146748 0.0142671 0.00427059 0.00347585 0.0142471 0.00387871 0.00352558 0.760702 -0.348175 0.73877 0.00922844 0.00343582 0.00222768 0.02528 0.00677232 0.00624156 0.144217 0.149279
0.151810 0.0157287 0.00482416 0.0036157 0.0157042 0.00450394 0.0037965 0.93101 -0.395126 0.907188 0.0103523 0.0040473 0.00241325 0.02748 0.00759889 0.00634076 0.149279 0.154342
0.156873 0.017042 0.00516054 0.0037578 0.0170111 0.00478906 0.00390895 1.16947 -0.492165 1.14391 0.0113981 0.00426832 0.00269442 0.0293778 0.00807325 0.00672179 0.154342 0.159404
0.161935 0.0182458 0.00543042 0.00427145 0.018207 0.00517794 0.00444286 1.4632 -0.418947 1.43644 0.0122706 0.00429349 0.00280443 0.0313056 0.00841817 0.0072991 0.159404 0.164467
0.166998 0.0193804 0.00598887 0.00455859 0.0193334 0.00561771 0.00471721 1.77202 -0.636289 1.7437 0.0131076 0.00474651 0.00283124 0.0330909 0.00890569 0.00730623 0.164467 0.169529
0.172060 0.0200891 0.00631454 0.00454728 0.0200403 0.00580681 0.00479365 1.83992 -0.741617 1.81041 0.0135626 0.00519324 0.00306766 0.0343541 0.00958614 0.00789321 0.169529 0.174591
0.177123 0.0208241 0.00647629 0.00465642 0.0207585 0.00620514 0.00493051 2.4684 -1.28045 2.43721 0.0139621 0.00521026 0.00300571 0.0358225 0.00994672 0.00817363 0.174591 0.179654
0.182185 0.0215566 0.00687221 0.00478706 0.021499 0.00649172 0.00499093 2.1724 -1.10133 2.14043 0.0144072 0.00515848 0.00327678 0.0371831 0.0102695 0.00835144 0.179654 0.184716
0.187248 0.0222071 0.0067976 0.00487735 0.022135 0.00612584 0.00522519 2.71023 -1.71802 2.67736 0.0148294 0.00525663 0.00330162 0.0383324 0.0100658 0.00847764 0.184716 0.189779
0.192310 0.0228019 0.00666534 0.00510725 0.0227145 0.00657829 0.00552281 3.28188 -2.13105 3.24821 0.015231 0.00523858 0.00343794 0.0393496 0.0102371 0.00882693 0.189779 0.194842
0.197373 0.0233974 0.00695289 0.00548349 0.0233059 0.00691901 0.00564855 3.43774 -2.21923 3.40379 0.0155879 0.00535121 0.00352458 0.0404665 0.011007 0.0094277 0.194842 0.199904
0.202435 0.0238643 0.00741668 0.00546699 0.0237662 0.00721289 0.00561242 3.68418 -2.50573 3.64959 0.0159537 0.00567961 0.00360144 0.0411546 0.0114985 0.00934617 0.199904 0.204967
0.207498 0.0242838 0.00758038 0.0055727 0.0242132 0.0073478 0.0058147 2.65837 -1.70108 2.62368 0.0163143 0.00572289 0.00379376 0.0417027 0.0112238 0.00958864 0.204967 0.210029
0.212560 0.024742 0.00782456 0.00555041 0.0246744 0.00750303 0.00597264 2.54593 -1.5285 2.51102 0.0166801 0.00571865 0.00385203 0.0423628 0.0116686 0.0097587 0.210029 0.215091
0.217623 0.0251916 0.00789499 0.00574535 0.0251234 0.00778599 0.00602407 2.56642 -1.49394 2.53167 0.0170539 0.00585853 0.0038178 0.0429781 0.011603 0.010055 0.215091 0.220154
0.222685 0.0255503 0.00791923 0.00582289 0.025471 0.00764773 0.0061278 2.98505 -1.68782 2.95012 0.0173033 0.00572235 0.00399138 0.0435759 0.0115846 0.0104646 0.220154 0.225217
0.227748 0.0259158 0.00769494 0.00634586 0.0258349 0.00757089 0.00638375 3.04311 -1.71748 3.00782 0.0176058 0.00544696 0.00412162 0.044079 0.0115828 0.0108221 0.225217 0.230279
0.232810 0.026374 0.00742075 0.00648886 0.0262846 0.00731157 0.00652868 3.35876 -1.8998 3.32324 0.0179568 0.0054212 0.00422162 0.0447713 0.0119913 0.0108675 0.230279 0.235342
0.237873 0.0266775 0.00716522 0.00662836 0.0265684 0.0069783 0.00665374 4.09799 -2.3795 4.06196 0.0182513 0.00529872 0.00432279 0.0450946 0.0117915 0.0111651 0.235342 0.240404
0.242935 0.0268636 0.00714257 0.00654482 0.0267757 0.00675733 0.0068136 3.30598 -1.85965 3.27057 0.0185129 0.00526478 0.00459359 0.0451158 0.0113861 0.0111792 0.240404 0.245467
0.247998 0.0273709 0.00714018 0.00687877 0.0272751 0.0069042 0.00690847 3.59893 -1.99663 3.56327 0.0190376 0.00528378 0.00460825 0.0455849 0.0111343 0.0113199 0.245467 0.250529
0.253060 0.0275267 0.00724111 0.00689783 0.0274316 0.00711563 0.00690012 3.5747 -2.02293 3.53892 0.0192809 0.00504501 0.00473616 0.0455494 0.010783 0.011404 0.250529 0.255592
0.258123 0.0278745 0.00721608 0.00711354 0.0277841 0.00684199 0.00711674 3.40176 -1.93198 3.36614 0.0195957 0.00492617 0.0048572 0.0459695 0.010084 0.0112547 0.255592 0.260654
0.263185 0.0280365 0.00711693 0.00701698 0.0279386 0.00712772 0.00704946 3.67934 -2.09235 3.64404 0.0198441 0.00475122 0.00486056 0.0459425 0.00963664 0.0111403 0.260654 0.265716
0.268248 0.0281247 0.00699884 0.00694098 0.0280337 0.00687803 0.0069559 3.42355 -1.80685 3.38868 0.020007 0.00522183 0.00494041 0.0458675 0.0101281 0.0109408 0.265716 0.270779
0.273310 0.0284297 0.0067801 0.00687241 0.0283207 0.00672373 0.00706987 4.09517 -2.33602 4.06024 0.0203334 0.00561924 0.00498263 0.0461257 0.0107951 0.0113593 0.270779 0.275842
0.278373 0.0286176 0.00704969 0.00696005 0.0285271 0.00686904 0.00715528 3.40235 -1.93437 3.36849 0.0205981 0.00591951 0.00507207 0.0461457 0.0113984 0.0114851 0.275842 0.280904
0.283435 0.0292047 0.00749376 0.00728352 0.029124 0.00720605 0.00733019 3.03744 -1.67263 3.00371 0.021135 0.00608487 0.00523241 0.0468425 0.0121045 0.0117939 0.280904 0.285967
0.288498 0.0293284 0.00779149 0.00742435 0.0292331 0.00753212 0.00739534 3.58462 -2.0267 3.55126 0.0213036 0.00622807 0.00539924 0.0468682 0.0117287 0.0120775 0.285967 0.291029
0.293560 0.029579 0.0081628 0.00743251 0.0294749 0.00790164 0.00751275 3.91282 -2.27033 3.87945 0.0216497 0.00619183 0.00542226 0.04691 0.0121965 0.0120314 0.291029 0.296091
0.298623 0.0297931 0.00857947 0.00763097 0.029695 0.00838765 0.00769195 3.69019 -2.13065 3.65744 0.0219457 0.00655505 0.00552191 0.0469451 0.0126419 0.0121726 0.296091 0.301154
0.303685 0.0300654 0.00888911 0.00788341 0.0299585 0.00878855 0.00784882 4.01677 -2.3207 3.98432 0.0222841 0.00673291 0.00559103 0.0470729 0.0130158 0.0124912 0.301154 0.306217
0.308748 0.0302695 0.00915421 0.00813236 0.0301581 0.0089021 0.00810428 4.18467 -2.36878 4.15251 0.0225555 0.00676487 0.00571194 0.0471299 0.0128697 0.0126538 0.306217 0.311279
0.313810 0.03048 0.00940119 0.00836848 0.0303709 0.00916695 0.00833897 4.10114 -2.34337 4.06949 0.022833 0.00670968 0.00588473 0.0471941 0.0132659 0.0124657 0.311279 0.316341
0.318873 0.0306542 0.00960472 0.00819881 0.030544 0.00940165 0.00820021 4.13951 -2.43074 4.10836 0.0230885 0.00687134 0.00598925 0.0471903 0.0136274 0.0127639 0.316341 0.321404
0.323935 0.0308025 0.00977043 0.00812451 0.0306947 0.00960029 0.00820955 4.0512 -2.44849 4.02069 0.0233137 0.0074031 0.00603996 0.0471707 0.0137183 0.0129191 0.321404 0.326466
0.328997 0.0309818 0.00941007 0.00833303 0.0308546 0.00939181 0.00834492 4.77287 -2.87334 4.74238 0.0235282 0.00741836 0.00611948 0.0472729 0.013503 0.0128252 0.326466 0.331528
0.334060 0.0311563 0.00885141 0.00859189 0.0310512 0.00881873 0.00862095 3.95206 -2.35581 3.92246 0.0238138 0.00722578 0.00626196 0.0472047 0.0133312 0.0130048 0.331528 0.336591
0.339122 0.0312807 0.00911548 0.00854426 0.0311913 0.00908582 0.00880329 3.36622 -2.04509 3.33752 0.0240337 0.0072404 0.00632124 0.0471206 0.0131683 0.0128793 0.336591 0.341653
0.344185 0.0315729 0.00943594 0.00897209 0.0314805 0.00940961 0.0089767 3.47971 -2.03025 3.45156 0.0244102 0.00734546 0.00645657 0.0472284 0.0132251 0.0132794 0.341653 0.346716
0.349247 0.0318223 0.00975274 0.00928673 0.03174 0.00972492 0.00922897 3.10262 -1.86475 3.07548 0.0247426 0.00750393 0.00662068 0.0472965 0.0135164 0.0133695 0.346716 0.351779
0.354310 0.0324076 0.00977646 0.0096276 0.0323252 0.00976395 0.00957309 3.1077 -1.91356 3.08112 0.0253888 0.00787126 0.00697717 0.0477487 0.0136926 0.0132685 0.351779 0.356841
0.359372 0.0325315 0.00963409 0.00986511 0.0324477 0.0096242 0.00988539 3.15443 -1.94179 3.12886 0.0255964 0.00761774 0.00718656 0.0476894 0.0141002 0.0136943 0.356841 0.361903
0.364435 0.0327631 0.0095007 0.0100092 0.0326689 0.00949308 0.00988204 3.54688 -2.2124 3.52181 0.0258936 0.00804937 0.0074272 0.0477776 0.0142097 0.0139419 0.361903 0.366966
0.369497 0.0330947 0.00968175 0.010151 0.0329477 0.00968995 0.0100979 5.51506 -3.63977 5.48953 0.0262432 0.00828692 0.00767267 0.04807 0.0146466 0.0142432 0.366966 0.372028
0.374560 0.0332215 0.00955309 0.0103479 0.0330812 0.00990256 0.0102849 5.26517 -3.49311 5.24062 0.0264679 0.00834516 0.00797086 0.0479827 0.0149742 0.0143957 0.372028 0.377091
0.379622 0.0334313 0.00972099 0.0104695 0.0333108 0.00969281 0.0103079 4.52847 -2.87469 4.5049 0.0267821 0.00832766 0.00812269 0.0479644 0.0151202 0.0144522 0.377091 0.382154
0.384685 0.0337211 0.00961713 0.0105046 0.033587 0.0095973 0.010284 5.03629 -3.30158 5.01364 0.0271121 0.00823363 0.00829263 0.0481665 0.0155125 0.0147029 0.382154 0.387216
0.389747 0.0339643 0.00983181 0.010511 0.0338716 0.0098096 0.0104533 3.49118 -2.3082 3.46934 0.0274505 0.00840955 0.00846851 0.0482013 0.0156976 0.0146379 0.387216 0.392278
0.394810 0.0342963 0.0100341 0.0105178 0.0342106 0.0100208 0.0104343 3.23222 -2.07619 3.21111 0.0278325 0.00864501 0.00865248 0.0484244 0.0156612 0.014732 0.392278 0.397341
0.399872 0.03471 0.0100026 0.0106213 0.0346219 0.0100671 0.0104497 3.32297 -2.19964 3.30248 0.0282767 0.00858487 0.00884646 0.0487713 0.0156641 0.0145845 0.397341 0.402404
0.404935 0.0350287 0.00965825 0.0106292 0.0349445 0.00972195 0.0105339 3.17669 -2.07227 3.15682 0.028665 0.00824743 0.00909017 0.0489377 0.015671 0.0146262 0.402404 0.407466
0.409997 0.0353341 0.00970568 0.0108659 0.0352509 0.0100256 0.0107658 3.14044 -2.13993 3.12127 0.0290145 0.00833965 0.00925377 0.0491467 0.0157236 0.0146733 0.407466 0.412529
0.415060 0.0356796 0.00982517 0.0112273 0.0356074 0.0103489 0.0107194 2.72471 -1.81704 2.70623 0.0294144 0.00850672 0.00942064 0.0493733 0.0158242 0.0149305 0.412529 0.417591
0.420122 0.0359856 0.0102886 0.0113282 0.03592 0.0108928 0.0109115 2.48189 -1.50767 2.46429 0.0297739 0.00867227 0.00957162 0.0495622 0.0159185 0.0148666 0.417591 0.422653
0.425185 0.0365435 0.0104505 0.0115731 0.0364816 0.0110172 0.0109806 2.34464 -1.4315 2.32752 0.030418 0.0088224 0.00978714 0.049932 0.0160237 0.0151594 0.422653 0.427716
0.430247 0.0369437 0.0108533 0.0115616 0.0368838 0.0111465 0.0111944 2.27172 -1.33889 2.25509 0.0308805 0.00896556 0.00989742 0.050196 0.0161435 0.0151315 0.427716 0.432779
0.435310 0.0371831 0.0112959 0.0116613 0.0371183 0.0112584 0.0112677 2.45492 -1.43169 2.43873 0.0311494 0.00900382 0.0100534 0.0503709 0.0162703 0.0152914 0.432779 0.437841
0.440372 0.0376036 0.011398 0.0116965 0.0375402 0.0116624 0.011374 2.40216 -1.45128 2.38638 0.0315984 0.00895619 0.0101996 0.0507289 0.0164299 0.0151516 0.437841 0.442903
0.445435 0.0379807 0.0114901 0.0117866 0.0379268 0.0121328 0.0116069 2.05111 -1.19603 2.03673 0.0319851 0.00901975 0.0102825 0.0510853 0.0169376 0.0151317 0.442903 0.447966
0.450497 0.0383084 0.0117631 0.0117844 0.0382633 0.0126072 0.011536 1.71977 -0.993664 1.70651 0.032339 0.00905068 0.0103748 0.0513557 0.0171487 0.0151017 0.447966 0.453029
0.455560 0.038751 0.0119845 0.0117617 0.0387077 0.0130503 0.0114764 1.65446 -0.943054 1.64223 0.0328238 0.00899957 0.0103997 0.0517062 0.0170882 0.0154023 0.453029 0.458091
0.460622 0.039203 0.0121446 0.0117934 0.0391606 0.013527 0.0115972 1.62145 -0.970009 1.61008 0.033288 0.00921419 0.0105891 0.0521314 0.0174559 0.0157185 0.458091 0.463154
0.465685 0.0396211 0.012513 0.0118096 0.0395747 0.0136615 0.0115655 1.77351 -1.0544 1.76298 0.0337172 0.0096793 0.0107353 0.0525253 0.0189563 0.0160293 0.463154 0.468216
0.470747 0.0400647 0.0125021 0.0118348 0.0400213 0.0141139 0.0115234 1.66046 -0.934509 1.65097 0.0341808 0.00982631 0.0109536 0.0529251 0.0189231 0.0159891 0.468216 0.473278
0.475810 0.0404954 0.0126193 0.0119733 0.0404573 0.0142469 0.0115014 1.46395 -0.828793 1.45552 0.0346242 0.00965988 0.0110625 0.0533281 0.0190208 0.0157429 0.473278 0.478341
0.480872 0.0409467 0.0126575 0.0122235 0.0409217 0.0143446 0.0114265 0.973648 -0.577564 0.96678 0.0351598 0.00957112 0.0111322 0.0535951 0.0190546 0.0158622 0.478341 0.483404
0.485935 0.0414507 0.0128489 0.0124718 0.0414288 0.014268 0.0114118 0.857637 -0.505041 0.85189 0.0357075 0.0100088 0.0113057 0.0540036 0.0194231 0.015964 0.483404 0.488466
0.490997 0.0419586 0.0130504 0.012384 0.0419571 0.0144792 0.0114477 0.0944525 0.0143871 0.0903604 0.036259 0.0104576 0.0114334 0.0544161 0.0196555 0.0160665 0.488466 0.493528
0.496060 0.0424808 0.0132008 0.0124719 0.0424804 0.0149203 0.0116135 0.0586505 0.00969087 0.0562712 0.0368658 0.0104704 0.0116865 0.0547535 0.0199879 0.0165761 0.493528 0.498591
0.501122 0.0430511 0.0133339 0.0124252 0.043052 0.0150822 0.0117971 0.0113293 -0.00730294 0.0111509 0.0374724 0.0105452 0.0117678 0.0552446 0.020365 0.0170173 0.498591 0.503654
0.506185 0 0 0 0 0 0 0 0 0 0 0 0 0 0 0 0.503654 0.508716
0.511247 0 0 0 0 0 0 0 0 0 0 0 0 0 0 0 0.508716 0.513778
0.516310 0 0 0 0 0 0 0 0 0 0 0 0 0 0 0 0.513778 0.518841
0.521372 0 0 0 0 0 0 0 0 0 0 0 0 0 0 0 0.518841 0.523903
0.526435 0 0 0 0 0 0 0 0 0 0 0 0 0 0 0 0.523903 0.528966
0.531497 0 0 0 0 0 0 0 0 0 0 0 0 0 0 0 0.528966 0.534029
0.536560 0 0 0 0 0 0 0 0 0 0 0 0 0 0 0 0.534029 0.539091
0.541622 0 0 0 0 0 0 0 0 0 0 0 0 0 0 0 0.539091 0.544153
0.546685 0 0 0 0 0 0 0 0 0 0 0 0 0 0 0 0.544153 0.549216
0.551747 0 0 0 0 0 0 0 0 0 0 0 0 0 0 0 0.549216 0.554278
0.556810 0 0 0 0 0 0 0 0 0 0 0 0 0 0 0 0.554278 0.559341
0.561872 0 0 0 0 0 0 0 0 0 0 0 0 0 0 0 0.559341 0.564404
0.566935 0 0 0 0 0 0 0 0 0 0 0 0 0 0 0 0.564404 0.569466
0.571997 0 0 0 0 0 0 0 0 0 0 0 0 0 0 0 0.569466 0.574528
0.577060 0 0 0 0 0 0 0 0 0 0 0 0 0 0 0 0.574528 0.579592
0.582123 0 0 0 0 0 0 0 0 0 0 0 0 0 0 0 0.579592 0.584654
0.587185 0 0 0 0 0 0 0 0 0 0 0 0 0 0 0 0.584654 0.589717
0.592248 0 0 0 0 0 0 0 0 0 0 0 0 0 0 0 0.589717 0.594779
0.597310 0 0 0 0 0 0 0 0 0 0 0 0 0 0 0 0.594779 0.599841
0.602373 0 0 0 0 0 0 0 0 0 0 0 0 0 0 0 0.599841 0.604904
0.607435 0 0 0 0 0 0 0 0 0 0 0 0 0 0 0 0.604904 0.609967
0.612498 0 0 0 0 0 0 0 0 0 0 0 0 0 0 0 0.609967 0.615029
0.617560 0 0 0 0 0 0 0 0 0 0 0 0 0 0 0 0.615029 0.620092
0.622623 0 0 0 0 0 0 0 0 0 0 0 0 0 0 0 0.620092 0.625154
0.627685 0 0 0 0 0 0 0 0 0 0 0 0 0 0 0 0.625154 0.630216
0.632748 0 0 0 0 0 0 0 0 0 0 0 0 0 0 0 0.630216 0.635279
0.637810 0 0 0 0 0 0 0 0 0 0 0 0 0 0 0 0.635279 0.640342
0.642873 0 0 0 0 0 0 0 0 0 0 0 0 0 0 0 0.640342 0.645404
0.647935 0 0 0 0 0 0 0 0 0 0 0 0 0 0 0 0.645404 0.650466
0.652998 0 0 0 0 0 0 0 0 0 0 0 0 0 0 0 0.650466 0.655529
0.658060 0 0 0 0 0 0 0 0 0 0 0 0 0 0 0 0.655529 0.660591
0.663123 0 0 0 0 0 0 0 0 0 0 0 0 0 0 0 0.660591 0.665654
0.668185 0 0 0 0 0 0 0 0 0 0 0 0 0 0 0 0.665654 0.670717
0.673248 0 0 0 0 0 0 0 0 0 0 0 0 0 0 0 0.670717 0.675779
0.678310 0 0 0 0 0 0 0 0 0 0 0 0 0 0 0 0.675779 0.680841
0.684006 0 0 0 0 0 0 0 0 0 0 0 0 0 0 0 0.680841 0.687170
0.690967 0 0 0 0 0 0 0 0 0 0 0 0 0 0 0 0.687170 0.694764
0.698560 0 0 0 0 0 0 0 0 0 0 0 0 0 0 0 0.694764 0.702357
0.706154 0 0 0 0 0 0 0 0 0 0 0 0 0 0 0 0.702357 0.709951
0.713748 0 0 0 0 0 0 0 0 0 0 0 0 0 0 0 0.709951 0.717545
0.721342 0 0 0 0 0 0 0 0 0 0 0 0 0 0 0 0.717545 0.725139
0.728935 0 0 0 0 0 0 0 0 0 0 0 0 0 0 0 0.725139 0.732732
0.736529 0 0 0 0 0 0 0 0 0 0 0 0 0 0 0 0.732732 0.740326
0.744123 0 0 0 0 0 0 0 0 0 0 0 0 0 0 0 0.740326 0.747920
0.751717 0 0 0 0 0 0 0 0 0 0 0 0 0 0 0 0.747920 0.755513
0.759310 0 0 0 0 0 0 0 0 0 0 0 0 0 0 0 0.755513 0.763107
0.766904 0 0 0 0 0 0 0 0 0 0 0 0 0 0 0 0.763107 0.770701
0.774498 0 0 0 0 0 0 0 0 0 0 0 0 0 0 0 0.770701 0.778295
0.782092 0 0 0 0 0 0 0 0 0 0 0 0 0 0 0 0.778295 0.785888
0.789685 0 0 0 0 0 0 0 0 0 0 0 0 0 0 0 0.785888 0.793482
0.797279 0 0 0 0 0 0 0 0 0 0 0 0 0 0 0 0.793482 0.801076
0.804873 0 0 0 0 0 0 0 0 0 0 0 0 0 0 0 0.801076 0.808670
0.812467 0 0 0 0 0 0 0 0 0 0 0 0 0 0 0 0.808670 0.816263
0.820060 0 0 0 0 0 0 0 0 0 0 0 0 0 0 0 0.816263 0.823857
0.827654 0 0 0 0 0 0 0 0 0 0 0 0 0 0 0 0.823857 0.831451
0.835248 0 0 0 0 0 0 0 0 0 0 0 0 0 0 0 0.831451 0.839045
0.842842 0 0 0 0 0 0 0 0 0 0 0 0 0 0 0 0.839045 0.846639
0.850435 0 0 0 0 0 0 0 0 0 0 0 0 0 0 0 0.846639 0.854232
0.858029 0 0 0 0 0 0 0 0 0 0 0 0 0 0 0 0.854232 0.861826
0.865623 0 0 0 0 0 0 0 0 0 0 0 0 0 0 0 0.861826 0.869420
0.873217 0 0 0 0 0 0 0 0 0 0 0 0 0 0 0 0.869420 0.877014
0.880810 0 0 0 0 0 0 0 0 0 0 0 0 0 0 0 0.877014 0.884607
0.888404 0 0 0 0 0 0 0 0 0 0 0 0 0 0 0 0.884607 0.892201
0.895998 0 0 0 0 0 0 0 0 0 0 0 0 0 0 0 0.892201 0.899795
0.903592 0 0 0 0 0 0 0 0 0 0 0 0 0 0 0 0.899795 0.907389
0.911185 0 0 0 0 0 0 0 0 0 0 0 0 0 0 0 0.907389 0.914982
0.918779 0 0 0 0 0 0 0 0 0 0 0 0 0 0 0 0.914982 0.922576
0.926373 0 0 0 0 0 0 0 0 0 0 0 0 0 0 0 0.922576 0.930170
0.933967 0 0 0 0 0 0 0 0 0 0 0 0 0 0 0 0.930170 0.937763
0.941560 0 0 0 0 0 0 0 0 0 0 0 0 0 0 0 0.937763 0.945357
0.949154 0 0 0 0 0 0 0 0 0 0 0 0 0 0 0 0.945357 0.952951
0.956748 0 0 0 0 0 0 0 0 0 0 0 0 0 0 0 0.952951 0.960545
0.964342 0 0 0 0 0 0 0 0 0 0 0 0 0 0 0 0.960545 0.968138
0.971935 0 0 0 0 0 0 0 0 0 0 0 0 0 0 0 0.968138 0.975732
0.979529 0 0 0 0 0 0 0 0 0 0 0 0 0 0 0 0.975732 0.983326
0.987123 0 0 0 0 0 0 0 0 0 0 0 0 0 0 0 0.983326 0.990920
0.994717 0 0 0 0 0 0 0 0 0 0 0 0 0 0 0 0.990920 0.998514
1.000412 0 0 0 0 0 0 0 0 0 0 0 0 0 0 0 0.998514 1.002310
