#Observed stellar mass range: 9.8 < log10(M*/Msun) < 10
#Quenched threshold: Obs. SFR / Obs. SM < 1e-11 / yr
#SFHs in units of observed Msun/yr.
#True SFHs rescaled by average systematic offset of -0.265807 dex to be consistent with average observed stellar mass in bin.
#See documentation for explanation of true vs. observed SFRs and SMs.
#Bestfit galaxies in bin: 2040
#Bestfit SF galaxies in bin: 1919
#Bestfit Q galaxies in bin: 121
#Bestfit central galaxies in bin: 1838
#Bestfit satellite galaxies in bin: 202
#Avg_scale_factor <SFH_all> Err+ Err- <SFH_SF> Err+ Err- <SFH_Q> Err+ Err- <SFH_Cen> Err+ Err- <SFH_Sat> Err+ Err- Scale_factor_begin Scale_factor_end
0.028936 0.00241254 0.000580843 0.00238512 0.000869267 0.0014325 0.000859429 0.0268881 -0.00425327 0.0268881 0.00180331 0.00115167 0.001779 0.00795596 -0.00157526 0.00795596 0.000000 0.057873
0.059561 0.0417556 0.057391 0.040408 0.0253924 0.0585331 0.0242218 0.301267 -0.0344736 0.299496 0.0373844 0.0612758 0.0360311 0.0815288 0.168435 0.0808452 0.057873 0.061248
0.062373 0.133354 0.0476639 0.129037 0.105733 0.0365285 0.101861 0.571416 -0.110159 0.563669 0.100952 0.0684905 0.0973416 0.428187 -0.0785448 0.421797 0.061248 0.063498
0.064623 0.204643 0.084272 0.19209 0.164961 0.0782614 0.153344 0.83398 0 0.807985 0.204026 0.09012 0.191427 0.210257 0.217654 0.194925 0.063498 0.065748
0.066873 0.285146 0.0896431 0.249936 0.254437 0.0883316 0.22278 0.772177 0.280552 0.714826 0.273467 0.103745 0.238261 0.391414 0.2242 0.366501 0.065748 0.067998
0.069123 0.297918 0.215723 0.247839 0.269403 0.190805 0.222507 0.750145 0.400934 0.655742 0.286948 0.189621 0.235108 0.397728 0.210869 0.359538 0.067998 0.070248
0.071373 0.385618 0.249289 0.30921 0.339206 0.235175 0.266649 1.1217 0.332586 0.969819 0.371786 0.268003 0.294891 0.511476 0.252795 0.434663 0.070248 0.072498
0.073623 0.503136 0.264213 0.376724 0.462101 0.234694 0.349899 1.15393 0.688697 0.929464 0.504273 0.248855 0.375308 0.492794 0.379768 0.394988 0.072498 0.074748
0.075873 0.654648 0.324787 0.471515 0.608102 0.276507 0.442854 1.39285 1.39475 1.00814 0.636172 0.310658 0.452226 0.822767 0.486152 0.650304 0.074748 0.076998
0.078123 0.784421 0.444281 0.501399 0.727237 0.393986 0.479195 1.69133 1.6616 1.16077 0.776543 0.4261 0.491209 0.856099 0.681339 0.598888 0.076998 0.079248
0.080373 0.949389 0.497799 0.57085 0.8718 0.380281 0.555754 2.17991 1.28547 1.45159 0.946827 0.424344 0.568817 0.972702 0.916227 0.595565 0.079248 0.081498
0.082904 0.891471 0.501754 0.478556 0.830956 0.389004 0.475297 1.85121 1.0644 1.07245 0.862743 0.443946 0.463355 1.15287 0.780113 0.668561 0.081498 0.084311
0.085998 1.41539 0.453862 0.690882 1.28342 0.490422 0.696417 3.50843 1.0528 2.13957 1.33811 0.50412 0.661647 2.11856 0.378383 1.34715 0.084311 0.087685
0.089373 1.62001 0.657546 0.767293 1.47192 0.662858 0.70185 3.96875 0.875276 2.11883 1.5257 0.665307 0.675746 2.47821 0.573659 1.44088 0.087685 0.091061
0.092748 1.94638 0.841016 0.806205 1.75641 0.850859 0.753604 4.95916 1.03484 2.64776 1.8969 0.825912 0.776422 2.3966 0.982666 1.08577 0.091061 0.094435
0.096123 2.31635 1.03794 0.871265 2.14067 1.06912 0.836098 5.10243 1.55525 2.34286 2.23355 1.04856 0.807441 3.06977 0.724851 1.47496 0.094435 0.097811
0.099498 2.88414 1.25407 1.07941 2.73308 1.25552 1.06138 5.27997 2.68823 2.01044 2.8018 1.24448 1.01787 3.63338 0.817493 1.62658 0.097811 0.101186
0.102873 3.56178 1.39428 1.19297 3.34988 1.34993 1.13641 6.92239 2.58874 2.66949 3.4485 1.42677 1.08345 4.5925 0.938587 2.12426 0.101186 0.104560
0.106248 4.52103 1.53945 1.31212 4.2605 1.37849 1.35866 8.6528 2.1544 3.3326 4.39717 1.43646 1.25656 5.64806 1.36432 2.3111 0.104560 0.107936
0.109623 5.46746 1.56404 1.66459 5.12878 1.3949 1.6399 10.8387 2.05532 4.30206 5.3046 1.39423 1.59699 6.9493 2.6468 2.48207 0.107936 0.111310
0.112998 6.30656 1.63097 1.84871 5.96674 1.46968 1.84662 11.696 2.08208 4.14152 6.17375 1.52916 1.80241 7.51495 2.06679 2.31764 0.111310 0.114686
0.116373 7.26376 2.03158 1.95998 6.93821 1.84707 1.99482 12.4268 3.63965 3.77967 7.05799 2.00954 1.84592 9.13602 2.42739 2.59342 0.114686 0.118060
0.119748 8.11218 2.58115 1.88033 7.70885 2.29302 1.97458 14.5087 3.86767 4.40579 7.88026 2.53654 1.76965 10.2224 2.87231 3.10165 0.118060 0.121435
0.123123 9.18196 3.01243 2.07454 8.81431 2.59859 2.26062 15.0127 4.70028 3.95417 8.92981 2.89569 1.92691 11.4762 3.24488 2.85104 0.121435 0.124811
0.126498 9.79247 3.75282 1.89265 9.41572 3.24282 2.12679 15.7676 6.34426 3.61968 9.56573 3.69235 1.75544 11.8556 4.48047 2.49317 0.124811 0.128185
0.129873 10.9558 4.37425 1.9042 10.631 3.82784 2.25014 16.1071 8.20257 2.53826 10.7165 4.36316 1.905 13.1338 4.82896 3.07315 0.128185 0.131561
0.133248 12.3291 4.90984 2.20233 11.9189 3.97358 2.70709 18.8337 10.4936 3.08452 12.0895 4.9834 2.20542 14.5087 5.20444 3.29033 0.131561 0.134935
0.137045 13.8227 5.3063 2.64563 13.2836 4.51622 2.91044 22.373 10.2968 5.04793 13.7508 5.31188 2.70095 14.4774 6.43916 2.97157 0.134935 0.139154
0.141685 16.4324 5.93167 3.51058 15.7892 5.25459 3.44297 26.6333 11.6396 7.0296 16.5732 5.69941 3.65453 15.1516 8.4495 2.24978 0.139154 0.144217
0.146748 18.7986 6.51721 4.36385 18.7525 6.45286 4.39701 19.5287 9.98295 4.45339 19.0562 6.16473 4.55821 16.4543 7.74854 3.13957 0.144217 0.149279
0.151810 21.8882 6.74122 5.30875 22.5999 7.79103 5.32728 10.6017 8.05088 1.25248 22.5552 6.84356 5.70679 15.8196 7.79032 2.56612 0.149279 0.154342
0.156873 24.8875 7.50578 6.02587 26.164 9.10106 6.43655 4.64264 4.74236 0.376021 25.9481 7.64256 6.65094 15.2369 7.54726 2.38388 0.154342 0.159404
0.161935 27.448 8.76581 7.15207 29.1777 11.2897 7.26586 0.0158795 0.00654028 0.00402691 28.8562 8.60455 7.64522 14.6349 7.87775 2.48366 0.159404 0.164467
0.166998 0 0 0 0 0 0 0 0 0 0 0 0 0 0 0 0.164467 0.169529
0.172060 0 0 0 0 0 0 0 0 0 0 0 0 0 0 0 0.169529 0.174591
0.177123 0 0 0 0 0 0 0 0 0 0 0 0 0 0 0 0.174591 0.179654
0.182185 0 0 0 0 0 0 0 0 0 0 0 0 0 0 0 0.179654 0.184716
0.187248 0 0 0 0 0 0 0 0 0 0 0 0 0 0 0 0.184716 0.189779
0.192310 0 0 0 0 0 0 0 0 0 0 0 0 0 0 0 0.189779 0.194842
0.197373 0 0 0 0 0 0 0 0 0 0 0 0 0 0 0 0.194842 0.199904
0.202435 0 0 0 0 0 0 0 0 0 0 0 0 0 0 0 0.199904 0.204967
0.207498 0 0 0 0 0 0 0 0 0 0 0 0 0 0 0 0.204967 0.210029
0.212560 0 0 0 0 0 0 0 0 0 0 0 0 0 0 0 0.210029 0.215091
0.217623 0 0 0 0 0 0 0 0 0 0 0 0 0 0 0 0.215091 0.220154
0.222685 0 0 0 0 0 0 0 0 0 0 0 0 0 0 0 0.220154 0.225217
0.227748 0 0 0 0 0 0 0 0 0 0 0 0 0 0 0 0.225217 0.230279
0.232810 0 0 0 0 0 0 0 0 0 0 0 0 0 0 0 0.230279 0.235342
0.237873 0 0 0 0 0 0 0 0 0 0 0 0 0 0 0 0.235342 0.240404
0.242935 0 0 0 0 0 0 0 0 0 0 0 0 0 0 0 0.240404 0.245467
0.247998 0 0 0 0 0 0 0 0 0 0 0 0 0 0 0 0.245467 0.250529
0.253060 0 0 0 0 0 0 0 0 0 0 0 0 0 0 0 0.250529 0.255592
0.258123 0 0 0 0 0 0 0 0 0 0 0 0 0 0 0 0.255592 0.260654
0.263185 0 0 0 0 0 0 0 0 0 0 0 0 0 0 0 0.260654 0.265716
0.268248 0 0 0 0 0 0 0 0 0 0 0 0 0 0 0 0.265716 0.270779
0.273310 0 0 0 0 0 0 0 0 0 0 0 0 0 0 0 0.270779 0.275842
0.278373 0 0 0 0 0 0 0 0 0 0 0 0 0 0 0 0.275842 0.280904
0.283435 0 0 0 0 0 0 0 0 0 0 0 0 0 0 0 0.280904 0.285967
0.288498 0 0 0 0 0 0 0 0 0 0 0 0 0 0 0 0.285967 0.291029
0.293560 0 0 0 0 0 0 0 0 0 0 0 0 0 0 0 0.291029 0.296091
0.298623 0 0 0 0 0 0 0 0 0 0 0 0 0 0 0 0.296091 0.301154
0.303685 0 0 0 0 0 0 0 0 0 0 0 0 0 0 0 0.301154 0.306217
0.308748 0 0 0 0 0 0 0 0 0 0 0 0 0 0 0 0.306217 0.311279
0.313810 0 0 0 0 0 0 0 0 0 0 0 0 0 0 0 0.311279 0.316341
0.318873 0 0 0 0 0 0 0 0 0 0 0 0 0 0 0 0.316341 0.321404
0.323935 0 0 0 0 0 0 0 0 0 0 0 0 0 0 0 0.321404 0.326466
0.328997 0 0 0 0 0 0 0 0 0 0 0 0 0 0 0 0.326466 0.331528
0.334060 0 0 0 0 0 0 0 0 0 0 0 0 0 0 0 0.331528 0.336591
0.339122 0 0 0 0 0 0 0 0 0 0 0 0 0 0 0 0.336591 0.341653
0.344185 0 0 0 0 0 0 0 0 0 0 0 0 0 0 0 0.341653 0.346716
0.349247 0 0 0 0 0 0 0 0 0 0 0 0 0 0 0 0.346716 0.351779
0.354310 0 0 0 0 0 0 0 0 0 0 0 0 0 0 0 0.351779 0.356841
0.359372 0 0 0 0 0 0 0 0 0 0 0 0 0 0 0 0.356841 0.361903
0.364435 0 0 0 0 0 0 0 0 0 0 0 0 0 0 0 0.361903 0.366966
0.369497 0 0 0 0 0 0 0 0 0 0 0 0 0 0 0 0.366966 0.372028
0.374560 0 0 0 0 0 0 0 0 0 0 0 0 0 0 0 0.372028 0.377091
0.379622 0 0 0 0 0 0 0 0 0 0 0 0 0 0 0 0.377091 0.382154
0.384685 0 0 0 0 0 0 0 0 0 0 0 0 0 0 0 0.382154 0.387216
0.389747 0 0 0 0 0 0 0 0 0 0 0 0 0 0 0 0.387216 0.392278
0.394810 0 0 0 0 0 0 0 0 0 0 0 0 0 0 0 0.392278 0.397341
0.399872 0 0 0 0 0 0 0 0 0 0 0 0 0 0 0 0.397341 0.402404
0.404935 0 0 0 0 0 0 0 0 0 0 0 0 0 0 0 0.402404 0.407466
0.409997 0 0 0 0 0 0 0 0 0 0 0 0 0 0 0 0.407466 0.412529
0.415060 0 0 0 0 0 0 0 0 0 0 0 0 0 0 0 0.412529 0.417591
0.420122 0 0 0 0 0 0 0 0 0 0 0 0 0 0 0 0.417591 0.422653
0.425185 0 0 0 0 0 0 0 0 0 0 0 0 0 0 0 0.422653 0.427716
0.430247 0 0 0 0 0 0 0 0 0 0 0 0 0 0 0 0.427716 0.432779
0.435310 0 0 0 0 0 0 0 0 0 0 0 0 0 0 0 0.432779 0.437841
0.440372 0 0 0 0 0 0 0 0 0 0 0 0 0 0 0 0.437841 0.442903
0.445435 0 0 0 0 0 0 0 0 0 0 0 0 0 0 0 0.442903 0.447966
0.450497 0 0 0 0 0 0 0 0 0 0 0 0 0 0 0 0.447966 0.453029
0.455560 0 0 0 0 0 0 0 0 0 0 0 0 0 0 0 0.453029 0.458091
0.460622 0 0 0 0 0 0 0 0 0 0 0 0 0 0 0 0.458091 0.463154
0.465685 0 0 0 0 0 0 0 0 0 0 0 0 0 0 0 0.463154 0.468216
0.470747 0 0 0 0 0 0 0 0 0 0 0 0 0 0 0 0.468216 0.473278
0.475810 0 0 0 0 0 0 0 0 0 0 0 0 0 0 0 0.473278 0.478341
0.480872 0 0 0 0 0 0 0 0 0 0 0 0 0 0 0 0.478341 0.483404
0.485935 0 0 0 0 0 0 0 0 0 0 0 0 0 0 0 0.483404 0.488466
0.490997 0 0 0 0 0 0 0 0 0 0 0 0 0 0 0 0.488466 0.493528
0.496060 0 0 0 0 0 0 0 0 0 0 0 0 0 0 0 0.493528 0.498591
0.501122 0 0 0 0 0 0 0 0 0 0 0 0 0 0 0 0.498591 0.503654
0.506185 0 0 0 0 0 0 0 0 0 0 0 0 0 0 0 0.503654 0.508716
0.511247 0 0 0 0 0 0 0 0 0 0 0 0 0 0 0 0.508716 0.513778
0.516310 0 0 0 0 0 0 0 0 0 0 0 0 0 0 0 0.513778 0.518841
0.521372 0 0 0 0 0 0 0 0 0 0 0 0 0 0 0 0.518841 0.523903
0.526435 0 0 0 0 0 0 0 0 0 0 0 0 0 0 0 0.523903 0.528966
0.531497 0 0 0 0 0 0 0 0 0 0 0 0 0 0 0 0.528966 0.534029
0.536560 0 0 0 0 0 0 0 0 0 0 0 0 0 0 0 0.534029 0.539091
0.541622 0 0 0 0 0 0 0 0 0 0 0 0 0 0 0 0.539091 0.544153
0.546685 0 0 0 0 0 0 0 0 0 0 0 0 0 0 0 0.544153 0.549216
0.551747 0 0 0 0 0 0 0 0 0 0 0 0 0 0 0 0.549216 0.554278
0.556810 0 0 0 0 0 0 0 0 0 0 0 0 0 0 0 0.554278 0.559341
0.561872 0 0 0 0 0 0 0 0 0 0 0 0 0 0 0 0.559341 0.564404
0.566935 0 0 0 0 0 0 0 0 0 0 0 0 0 0 0 0.564404 0.569466
0.571997 0 0 0 0 0 0 0 0 0 0 0 0 0 0 0 0.569466 0.574528
0.577060 0 0 0 0 0 0 0 0 0 0 0 0 0 0 0 0.574528 0.579592
0.582123 0 0 0 0 0 0 0 0 0 0 0 0 0 0 0 0.579592 0.584654
0.587185 0 0 0 0 0 0 0 0 0 0 0 0 0 0 0 0.584654 0.589717
0.592248 0 0 0 0 0 0 0 0 0 0 0 0 0 0 0 0.589717 0.594779
0.597310 0 0 0 0 0 0 0 0 0 0 0 0 0 0 0 0.594779 0.599841
0.602373 0 0 0 0 0 0 0 0 0 0 0 0 0 0 0 0.599841 0.604904
0.607435 0 0 0 0 0 0 0 0 0 0 0 0 0 0 0 0.604904 0.609967
0.612498 0 0 0 0 0 0 0 0 0 0 0 0 0 0 0 0.609967 0.615029
0.617560 0 0 0 0 0 0 0 0 0 0 0 0 0 0 0 0.615029 0.620092
0.622623 0 0 0 0 0 0 0 0 0 0 0 0 0 0 0 0.620092 0.625154
0.627685 0 0 0 0 0 0 0 0 0 0 0 0 0 0 0 0.625154 0.630216
0.632748 0 0 0 0 0 0 0 0 0 0 0 0 0 0 0 0.630216 0.635279
0.637810 0 0 0 0 0 0 0 0 0 0 0 0 0 0 0 0.635279 0.640342
0.642873 0 0 0 0 0 0 0 0 0 0 0 0 0 0 0 0.640342 0.645404
0.647935 0 0 0 0 0 0 0 0 0 0 0 0 0 0 0 0.645404 0.650466
0.652998 0 0 0 0 0 0 0 0 0 0 0 0 0 0 0 0.650466 0.655529
0.658060 0 0 0 0 0 0 0 0 0 0 0 0 0 0 0 0.655529 0.660591
0.663123 0 0 0 0 0 0 0 0 0 0 0 0 0 0 0 0.660591 0.665654
0.668185 0 0 0 0 0 0 0 0 0 0 0 0 0 0 0 0.665654 0.670717
0.673248 0 0 0 0 0 0 0 0 0 0 0 0 0 0 0 0.670717 0.675779
0.678310 0 0 0 0 0 0 0 0 0 0 0 0 0 0 0 0.675779 0.680841
0.684006 0 0 0 0 0 0 0 0 0 0 0 0 0 0 0 0.680841 0.687170
0.690967 0 0 0 0 0 0 0 0 0 0 0 0 0 0 0 0.687170 0.694764
0.698560 0 0 0 0 0 0 0 0 0 0 0 0 0 0 0 0.694764 0.702357
0.706154 0 0 0 0 0 0 0 0 0 0 0 0 0 0 0 0.702357 0.709951
0.713748 0 0 0 0 0 0 0 0 0 0 0 0 0 0 0 0.709951 0.717545
0.721342 0 0 0 0 0 0 0 0 0 0 0 0 0 0 0 0.717545 0.725139
0.728935 0 0 0 0 0 0 0 0 0 0 0 0 0 0 0 0.725139 0.732732
0.736529 0 0 0 0 0 0 0 0 0 0 0 0 0 0 0 0.732732 0.740326
0.744123 0 0 0 0 0 0 0 0 0 0 0 0 0 0 0 0.740326 0.747920
0.751717 0 0 0 0 0 0 0 0 0 0 0 0 0 0 0 0.747920 0.755513
0.759310 0 0 0 0 0 0 0 0 0 0 0 0 0 0 0 0.755513 0.763107
0.766904 0 0 0 0 0 0 0 0 0 0 0 0 0 0 0 0.763107 0.770701
0.774498 0 0 0 0 0 0 0 0 0 0 0 0 0 0 0 0.770701 0.778295
0.782092 0 0 0 0 0 0 0 0 0 0 0 0 0 0 0 0.778295 0.785888
0.789685 0 0 0 0 0 0 0 0 0 0 0 0 0 0 0 0.785888 0.793482
0.797279 0 0 0 0 0 0 0 0 0 0 0 0 0 0 0 0.793482 0.801076
0.804873 0 0 0 0 0 0 0 0 0 0 0 0 0 0 0 0.801076 0.808670
0.812467 0 0 0 0 0 0 0 0 0 0 0 0 0 0 0 0.808670 0.816263
0.820060 0 0 0 0 0 0 0 0 0 0 0 0 0 0 0 0.816263 0.823857
0.827654 0 0 0 0 0 0 0 0 0 0 0 0 0 0 0 0.823857 0.831451
0.835248 0 0 0 0 0 0 0 0 0 0 0 0 0 0 0 0.831451 0.839045
0.842842 0 0 0 0 0 0 0 0 0 0 0 0 0 0 0 0.839045 0.846639
0.850435 0 0 0 0 0 0 0 0 0 0 0 0 0 0 0 0.846639 0.854232
0.858029 0 0 0 0 0 0 0 0 0 0 0 0 0 0 0 0.854232 0.861826
0.865623 0 0 0 0 0 0 0 0 0 0 0 0 0 0 0 0.861826 0.869420
0.873217 0 0 0 0 0 0 0 0 0 0 0 0 0 0 0 0.869420 0.877014
0.880810 0 0 0 0 0 0 0 0 0 0 0 0 0 0 0 0.877014 0.884607
0.888404 0 0 0 0 0 0 0 0 0 0 0 0 0 0 0 0.884607 0.892201
0.895998 0 0 0 0 0 0 0 0 0 0 0 0 0 0 0 0.892201 0.899795
0.903592 0 0 0 0 0 0 0 0 0 0 0 0 0 0 0 0.899795 0.907389
0.911185 0 0 0 0 0 0 0 0 0 0 0 0 0 0 0 0.907389 0.914982
0.918779 0 0 0 0 0 0 0 0 0 0 0 0 0 0 0 0.914982 0.922576
0.926373 0 0 0 0 0 0 0 0 0 0 0 0 0 0 0 0.922576 0.930170
0.933967 0 0 0 0 0 0 0 0 0 0 0 0 0 0 0 0.930170 0.937763
0.941560 0 0 0 0 0 0 0 0 0 0 0 0 0 0 0 0.937763 0.945357
0.949154 0 0 0 0 0 0 0 0 0 0 0 0 0 0 0 0.945357 0.952951
0.956748 0 0 0 0 0 0 0 0 0 0 0 0 0 0 0 0.952951 0.960545
0.964342 0 0 0 0 0 0 0 0 0 0 0 0 0 0 0 0.960545 0.968138
0.971935 0 0 0 0 0 0 0 0 0 0 0 0 0 0 0 0.968138 0.975732
0.979529 0 0 0 0 0 0 0 0 0 0 0 0 0 0 0 0.975732 0.983326
0.987123 0 0 0 0 0 0 0 0 0 0 0 0 0 0 0 0.983326 0.990920
0.994717 0 0 0 0 0 0 0 0 0 0 0 0 0 0 0 0.990920 0.998514
1.000412 0 0 0 0 0 0 0 0 0 0 0 0 0 0 0 0.998514 1.002310
